167.656731  -156.100726
51.646436  -223.224218 
90.551825  -156.230293 
219.155058  -67.005443 
-51.560493  -223.398115
102.781889  -89.197867
25.244704  -134.386761
128.764052  -44.931282
-25.429387  -134.015117
179.865580  -0.000000
-90.121744  -155.733731
38.563435  -66.799013
218.778910  66.397511
-167.844081  -156.36922
77.598509  -0.491196  
-38.759606  -66.592125
128.867778  44.387750
-103.447592  -89.372925
102.917888  89.458140,
-128.914145  -44.692649
38.624462  66.466296, 
-77.421322  0.132741, 
167.409996  155.837538
-218.976668  -67.221663
-39.048639  66.724123,
90.184879  155.755341,
-179.996937  -0.034074
24.883820  133.741132
-128.682244  44.1789511
-25.960894  133.592817
-103.298738  89.050497
51.489282  223.249735 
-219.156159  66.404756
-90.917890  155.867890
-51.650258  222.880865
-167.645446  155.446718




























































