    P1009 	-5314.821369	202837.155557	 -103.926898	 1931.205854
    P1018 	-18134.693884	180715.193362	 -234.997345	 1710.731154
    P1019 	 7549.821175	180700.115472	   23.251543	 1707.692081
    P1020 	32931.408081	180872.532006	  278.477060	 1706.320685
    P1021 	58353.007877	181222.479522	  534.193116	 1706.449813
    P1041 	-120645.224939	136376.712495	-1269.177286	 1273.178665
    P1051 	134936.026760	136636.049145	 1299.767679	 1250.659144
    P1054 	-184757.626362	113735.313547	-1916.835989	 1048.239332
    P1055 	-159235.701529	114885.240957	-1659.086147	 1058.641720
    P1056 	-133114.862068	113459.771554	-1395.822000	 1042.974586
    P1059 	-56603.262825	114105.128388	 -626.339430	 1044.996865
    P1064 	71571.451796	114261.073816	  660.339465	 1035.496735
    P1067 	148137.332798	114803.025656	 1430.360247	 1031.204696
    P1068 	172209.627066	115587.118950	 1673.087455	 1035.355390
    P1071 	-171857.479686	93223.737428	-1787.293661	  840.845240
    P1072 	-146188.967438	92603.521609	-1528.446775	  833.499361
    P1078 	 7451.725859	91828.720330	   15.117329	  816.794154
    P1084 	160213.852143	93455.688821	 1549.891733	  816.752014
    P1085 	186729.965365	92716.356322	 1817.184938	  805.450621
    P1102 	174121.207485	70286.328048	 1687.944536	  583.829788
    P1106 	-171680.293001	47831.853656	-1787.467570	  383.697423
    P1110 	-70776.486233	47904.847115	 -772.324439	  380.513689
    P1113 	84316.487414	47094.409988	  783.191029	  362.246083
    P1117 	185996.511881	48009.943745	 1805.862450	  359.989686
    P1119 	-209937.062118	25771.492667	-2175.105821	  162.970858
    P1132 	224960.024942	25837.003757	 2197.674816	  133.160346
    P1136 	-121088.863822	 3390.284389	-1280.340846	  -64.903719
    P1141 	135030.794100	 3934.483473	 1289.831659	  -74.692128
    P1158 	217438.359589	-22337.481552	 2118.793010	 -347.288058
    P1160 	-171478.143349	-40236.350574	-1791.050588	 -501.536793
    P1161 	-146192.348003	-40256.728588	-1536.077343	 -502.580480
    P1167 	84309.897261	-41283.315396	  777.900074	 -523.863960
    P1171 	186096.360510	-41189.885295	 1801.524870	 -532.350573
    P1174 	-184650.733179	-63014.625656	-1926.125709	 -729.709797
    P1175 	-158816.236437	-62897.041547	-1665.286567	 -729.460231
    P1176 	-133858.597715	-62745.664293	-1413.721871	 -728.831438
    P1191 	-197352.554689	-85281.418540	-2056.931426	 -952.547165
    P1192 	-171960.228017	-84758.934277	-1800.151109	 -948.338054
    P1193 	-145696.432176	-85247.702314	-1535.160416	 -954.277552
    P1194 	-120604.100091	-85259.459231	-1282.339976	 -955.379128
    P1196 	-69630.365040	-85159.914690	 -769.682697	 -956.445232
    P1197 	-43792.374453	-85199.616100	 -510.184409	 -957.971254
    P1198 	-17898.346751	-85818.343794	 -250.318235	 -965.405798
    P1199 	 7772.824961	-85912.422345	    7.270229	 -967.662850
    P1200 	32967.271291	-84819.942896	  260.135371	 -958.086300
    P1201 	58521.516960	-85442.649398	  516.536395	 -965.927740
    P1202 	84328.388106	-85281.375246	  775.630937	 -966.073701
    P1204 	135937.994671	-86305.441906	 1294.295102	 -980.530419
    P1205 	160567.797701	-85137.502377	 1542.296544	 -971.098498
    P1206 	186416.732394	-85674.349123	 1802.856918	 -979.194424
    P1207 	211875.097170	-85109.795902	 2059.953322	 -976.459227
    P1208 	-184434.151563	-107190.116236	-1928.865978	-1172.738114
    P1209 	-158977.446893	-107401.750423	-1671.626054	-1176.005102
    P1210 	-133050.378945	-108202.205401	-1410.147032	-1185.176290
    P1211 	-108287.573247	-107277.140221	-1160.580583	-1176.971597
    P1212 	-82250.140816	-107595.898654	 -898.624747	-1181.325869
    P1213 	-56227.449288	-107755.884773	 -637.053422	-1184.126590
    P1214 	-30985.558785	-107102.070512	 -383.437654	-1178.769707
    P1215 	-5517.010964	-107198.903511	 -127.730622	-1181.052310
    P1216 	19726.118854	-106715.005022	  125.703931	-1177.583647
    P1217 	45585.402875	-107955.563139	  385.206671	-1191.633376
    P1218 	71558.903069	-107459.127676	  646.054708	-1188.363093
    P1219 	97165.179264	-108417.930260	  903.263001	-1199.895803
    P1220 	122646.468514	-107646.756177	 1159.515889	-1194.193986
    P1221 	148162.710436	-108253.471588	 1416.311214	-1202.590572
    P1222 	166390.701440	-111486.282921	 1599.840427	-1236.938954
    P1223 	199439.074631	-108110.108072	 1933.485244	-1206.495020
    P1224 	-171583.897583	-130042.884742	-1801.943845	-1402.426985
    P1225 	-148161.918997	-129831.029850	-1565.253402	-1401.485991
    P1226 	-120849.391816	-129803.812795	-1289.717222	-1402.561189
    P1227 	-95034.321023	-129949.199216	-1029.673538	-1405.289334
    P1228 	-69914.448141	-129307.529808	 -776.821656	-1400.090704
    P1229 	-43867.483457	-129182.165872	 -514.923738	-1400.163074
    P1231 	 7415.652566	-129766.225455	    0.242914	-1408.876664
    P1233 	58207.463613	-128992.110047	  510.486194	-1404.312518
    P1234 	84110.266762	-129742.247373	  770.739602	-1413.739504
    P1235 	109933.321895	-130065.820272	 1030.396191	-1419.043859
    P1236 	135408.012216	-129661.975351	 1286.821931	-1417.184602
    P1237 	160660.163313	-129297.648574	 1541.290240	-1415.919909
    P1238 	186300.605898	-130327.249485	 1799.973883	-1428.998644
    P1240 	-140319.818598	-153341.864181	-1489.346582	-1637.733650
    P1241 	-107631.820992	-151653.151457	-1159.296215	-1622.615321
    P1243 	-58353.624922	-151567.014586	 -663.031021	-1624.496257
    P1244 	-31756.866369	-151097.444851	 -395.464079	-1621.302692
    P1245 	-5402.408867	-151460.796868	 -130.559070	-1626.543141
    P1246 	19586.065701	-151926.324838	  120.550861	-1632.819232
    P1247 	45883.571236	-151851.342195	  384.874342	-1633.845847
    P1248 	71265.814626	-152777.408295	  639.989836	-1645.038393
    P1250 	122322.614462	-151399.034830	 1153.852902	-1635.336185
    P1251 	148487.795752	-152129.302024	 1417.473961	-1645.162569
    P1253 	-120274.547198	-174288.050825	-1290.111850	-1849.115807
    P1254 	-95230.195242	-173428.168795	-1037.304947	-1842.058042
    P1255 	-69681.366293	-172605.152189	 -779.714687	-1835.383720
    P1256 	-43042.171686	-174573.935610	 -511.737489	-1856.881868
    P1257 	-18014.258987	-173772.489800	 -259.781383	-1850.448077
    P1258 	 7883.023166	-174872.836107	    0.612259	-1863.294245
    P1259 	32578.183922	-173450.292125	  249.150320	-1850.708614
    P1260 	58849.928071	-173810.266432	  513.398529	-1856.320569
    P1261 	83577.474192	-173379.706977	  762.275426	-1853.964220
    P1262 	109565.790629	-173895.782117	 1023.930141	-1861.427632
    P1263 	135176.944232	-174892.642138	 1281.996660	-1873.906701
    P1264 	-81960.461502	-196583.297013	 -906.975503	-2075.657525
    P1265 	-56029.987071	-197397.117418	 -645.650971	-2085.701572
    P1266 	-31453.431291	-195150.661395	 -397.729185	-2064.855984
    P1267 	-5092.521388	-196453.972034	 -132.450208	-2079.931939
    P1268 	20021.730451	-195986.073946	  120.439922	-2077.130246
    P1269 	46029.149191	-196174.250484	  382.244961	-2081.104978
    P1270 	71759.705082	-196714.198148	  641.300093	-2088.729872
    P1271 	96801.922141	-196169.417442	  893.649054	-2085.463445
    P1273 	-17222.679854	-219289.050667	 -257.708345	-2309.242100
    P1274 	   97.089710	-221372.294196	  -83.430497	-2331.711949
    P1275 	33607.694265	-218733.835979	  254.619197	-2307.958337
    Q1001 	-51051.651072	221744.823844	 -562.572690	 2126.743792
    Q1005 	50749.269547	222028.621564	  462.788982	 2115.378900
    Q1025 	-166306.634720	155078.539757	-1728.965636	 1464.608458
    Q1028 	-89656.040497	154921.815214	 -956.218843	 1457.882135
    Q1035 	89400.345327	155795.397039	  843.617268	 1448.232555
    Q1038 	165941.006700	156543.532006	 1614.848651	 1443.658095
    Q1045 	-25543.109101	133082.764053	 -313.191053	 1233.305101
    Q1047 	25780.263355	132929.222933	  202.118966	 1227.097511
    Q1074 	-102465.353532	88544.305876	-1088.549697	  790.605050
    Q1082 	102265.735832	88693.669491	  966.500964	  776.544087
    Q1087 	-217553.874707	66613.253443	-2250.281865	  574.392957
    Q1094 	-38311.209136	66092.134483	 -445.523983	  561.559255
    Q1097 	38495.061850	66448.182170	  324.790121	  559.961623
    Q1104 	217145.834319	67070.199028	 2121.954224	  545.330735
    Q1108 	-127937.112109	44699.108504	-1346.914994	  350.634963
    Q1115 	127716.394018	44561.873115	 1218.902860	  332.632604
    Q1134 	-179583.221752	  -22.219643	-1869.898312	  -97.319332
    Q1138 	-76677.037612	  -34.489561	 -834.292442	 -100.926850
    Q1139 	76901.447533	  -71.895412	  705.880667	 -109.754591
    Q1143 	179498.768543	  103.367600	 1737.166739	 -117.897061
    Q1162 	-127823.186259	-44146.032166	-1351.400736	 -542.261054
    Q1169 	127987.856131	-44487.225806	 1216.411231	 -559.570334
    Q1173 	-217683.915372	-66415.931773	-2260.747843	 -762.577594
    Q1180 	-38433.922908	-66297.739250	 -454.928985	 -768.240134
    Q1183 	38069.900314	-66685.773639	  312.495855	 -776.050825
    Q1190 	217475.947116	-66691.884382	 2117.239418	 -792.053324
    Q1195 	-102511.779425	-88646.820793	-1100.574830	 -990.116978
    Q1203 	102537.537961	-88527.023425	  958.363702	-1000.092349
    Q1230 	-25794.889989	-132879.711633	 -333.669321	-1438.325049
    Q1232 	25820.214074	-133149.818103	  184.819925	-1444.066876
    Q1239 	-166165.024093	-155572.506014	-1750.932700	-1658.597211
    Q1242 	-89407.466599	-155246.592027	 -976.119922	-1659.729890
    Q1249 	89599.586519	-155427.343415	  824.209329	-1673.213152
    Q1252 	166617.165500	-155187.803041	 1600.220275	-1677.900004
    Q1272 	-51352.494380	-221506.398490	 -602.203125	-2328.776686
    Q1276 	51064.039097	-221590.913262	  430.217081	-2338.404552
nouse	-191944.113972	-21707.823759	-1996.262539	 -314.807182
nouse	-64548.513541	-21992.011380	 -713.926683	 -321.999755
nouse	102514.555142	 -343.712488	  962.918598	 -114.552050
nouse	166576.184210	-21961.443680	 1605.778781	 -337.400275
nouse	-102714.305733	-44408.121341	-1098.848378	 -545.770235
nouse	115462.114856	-22653.276626	 1091.695682	 -339.369464
nouse	-204686.395247	-44354.765915	-2126.980428	 -541.753676
nouse	-64135.628707	-66167.991716	 -712.926839	 -765.844797
nouse	12807.673117	-66691.605242	   59.102085	 -774.686727
nouse	204890.868027	-44834.264675	 1990.995823	 -571.125138
nouse	-89605.421711	-66648.805939	 -968.841011	 -769.666588
nouse	89766.560281	-67112.033654	  831.256987	 -783.763857
nouse	192091.626766	-22255.830955	 1862.908887	 -343.262388
nouse	140661.253130	-66560.684010	 1342.761326	 -782.426102
nouse	102324.963673	-44300.508925	  958.591539	 -555.539229
nouse	140967.161659	-22546.630393	 1348.043221	 -340.640955
nouse	204583.791324	  428.086808	 1990.195554	 -117.791823
nouse	153688.152922	 -441.526617	 1477.226615	 -120.439469
nouse	51023.489034	-43993.077386	  443.791469	 -548.807933
nouse	153229.887381	-44829.682152	 1470.273908	 -565.375505
nouse	-102405.945250	  643.718306	-1092.678328	  -93.154790
nouse	-76834.918468	-43872.846540	 -838.777988	 -541.347470
nouse	-115113.506397	-66350.681947	-1225.334612	 -765.712819
nouse	-204756.346037	  113.443759	-2124.246133	  -95.169716
nouse	-10117.674500	-59705.297399	 -170.372646	 -703.299410
nouse	-51515.858209	-44300.054935	 -584.631342	 -546.645363
nouse	-217572.047489	-21518.841267	-2255.505096	 -312.074914
nouse	63997.880534	-66215.770754	  572.653112	 -772.951259
nouse	-153550.796813	 -559.871829	-1607.384421	 -103.540348
nouse	191851.564687	-66484.859630	 1858.464909	 -786.907822
nouse	-166192.111742	-21754.739818	-1736.277529	 -316.099729
nouse	-140766.736465	-22202.682459	-1480.066616	 -321.416222
nouse	166630.472118	-67032.161335	 1604.168757	 -789.684512
nouse	-115093.714030	-22460.492162	-1221.730126	 -324.859015
nouse	-89451.980733	-22434.389513	 -964.009212	 -325.498776
nouse	115437.129546	-66673.548806	 1089.138304	 -781.362528
nouse	64187.230156	-22576.851820	  577.053597	 -334.626374
nouse	89434.147363	-22772.340400	  830.351111	 -338.431767
delpoints	    0.000000	    0.000000	 -563.592824	 2046.950969
delpoints	    0.000000	    0.000000	 -523.872603	 2056.851981
delpoints	    0.000000	    0.000000	 -603.244864	 2057.944225
delpoints	    0.000000	    0.000000	 -482.734300	 2125.319198
delpoints	    0.000000	    0.000000	 -642.547436	 2128.275144
delpoints	    0.000000	    0.000000	 -492.798486	 2165.517631
delpoints	    0.000000	    0.000000	 -630.676092	 2167.922492
delpoints	    0.000000	    0.000000	 -601.387559	 2196.656672
delpoints	    0.000000	    0.000000	 -561.333758	 2206.679449
delpoints	    0.000000	    0.000000	  474.194340	 2035.787035
delpoints	    0.000000	    0.000000	  433.424716	 2040.932707
delpoints	    0.000000	    0.000000	  512.153716	 2052.714922
delpoints	    0.000000	    0.000000	  383.958837	 2103.455645
delpoints	    0.000000	    0.000000	  541.743284	 2127.348524
delpoints	    0.000000	    0.000000	  388.501634	 2144.811035
delpoints	    0.000000	    0.000000	  525.328490	 2165.326301
delpoints	    0.000000	    0.000000	  413.194941	 2178.446837
delpoints	    0.000000	    0.000000	  450.998462	 2194.568308
delpoints	    0.000000	    0.000000	-1747.015698	 1386.780091
delpoints	    0.000000	    0.000000	-1705.751801	 1387.985268
delpoints	    0.000000	    0.000000	-1783.762921	 1406.054231
delpoints	    0.000000	    0.000000	-1650.545748	 1446.163509
delpoints	    0.000000	    0.000000	-1807.122746	 1482.636914
delpoints	    0.000000	    0.000000	-1652.460448	 1487.570199
delpoints	    0.000000	    0.000000	-1787.699982	 1519.432226
delpoints	    0.000000	    0.000000	-1752.087843	 1541.077703
delpoints	    0.000000	    0.000000	-1710.872572	 1542.659097
delpoints	    0.000000	    0.000000	 -939.732797	 1380.038544
delpoints	    0.000000	    0.000000	 -902.942504	 1398.189594
delpoints	    0.000000	    0.000000	-1015.733666	 1404.771888
delpoints	    0.000000	    0.000000	-1034.443636	 1441.666632
delpoints	    0.000000	    0.000000	 -878.256671	 1473.850061
delpoints	    0.000000	    0.000000	-1032.040080	 1482.700823
delpoints	    0.000000	    0.000000	 -896.637244	 1511.168244
delpoints	    0.000000	    0.000000	 -931.315754	 1533.774541
delpoints	    0.000000	    0.000000	 -972.411337	 1535.821570
delpoints	    0.000000	    0.000000	  869.567033	 1372.944690
delpoints	    0.000000	    0.000000	  791.273711	 1387.667902
delpoints	    0.000000	    0.000000	  904.163771	 1395.958828
delpoints	    0.000000	    0.000000	  768.338830	 1421.675660
delpoints	    0.000000	    0.000000	  922.129094	 1433.726705
delpoints	    0.000000	    0.000000	  918.963168	 1474.732205
delpoints	    0.000000	    0.000000	  783.228007	 1500.341211
delpoints	    0.000000	    0.000000	  817.228745	 1523.623000
delpoints	    0.000000	    0.000000	  858.151835	 1526.807527
delpoints	    0.000000	    0.000000	 1618.392904	 1363.746499
delpoints	    0.000000	    0.000000	 1577.954045	 1372.633016
delpoints	    0.000000	    0.000000	 1658.031190	 1376.357918
delpoints	    0.000000	    0.000000	 1534.731374	 1439.633473
delpoints	    0.000000	    0.000000	 1694.901271	 1447.654469
delpoints	    0.000000	    0.000000	 1543.756896	 1480.381679
delpoints	    0.000000	    0.000000	 1682.251126	 1487.003504
delpoints	    0.000000	    0.000000	 1571.451286	 1510.925385
delpoints	    0.000000	    0.000000	 1611.191890	 1523.448555
delpoints	    0.000000	    0.000000	 -301.001476	 1154.288680
delpoints	    0.000000	    0.000000	 -341.993058	 1158.722904
delpoints	    0.000000	    0.000000	 -263.356108	 1170.937406
delpoints	    0.000000	    0.000000	 -391.884162	 1221.160720
delpoints	    0.000000	    0.000000	 -234.434005	 1245.086369
delpoints	    0.000000	    0.000000	 -387.604935	 1262.261188
delpoints	    0.000000	    0.000000	 -250.606817	 1283.092317
delpoints	    0.000000	    0.000000	 -362.902299	 1295.939094
delpoints	    0.000000	    0.000000	 -325.351328	 1312.236708
delpoints	    0.000000	    0.000000	  207.494853	 1147.460893
delpoints	    0.000000	    0.000000	  246.304895	 1160.820730
delpoints	    0.000000	    0.000000	  135.671194	 1182.628956
delpoints	    0.000000	    0.000000	  122.616304	 1221.780887
delpoints	    0.000000	    0.000000	  281.843258	 1231.869719
delpoints	    0.000000	    0.000000	  130.557185	 1262.435241
delpoints	    0.000000	    0.000000	  237.626206	 1298.636725
delpoints	    0.000000	    0.000000	  197.266336	 1306.657447
delpoints	    0.000000	    0.000000	-1092.416889	  711.073156
delpoints	    0.000000	    0.000000	-1131.923835	  723.493445
delpoints	    0.000000	    0.000000	-1021.576654	  746.940488
delpoints	    0.000000	    0.000000	-1008.602371	  786.147220
delpoints	    0.000000	    0.000000	-1168.536597	  794.985805
delpoints	    0.000000	    0.000000	-1016.963521	  826.570282
delpoints	    0.000000	    0.000000	-1155.342176	  834.292718
delpoints	    0.000000	    0.000000	-1044.720348	  856.876570
delpoints	    0.000000	    0.000000	-1124.450380	  862.083675
delpoints	    0.000000	    0.000000	 1004.273210	  705.943302
delpoints	    0.000000	    0.000000	  924.173794	  708.950857
delpoints	    0.000000	    0.000000	 1034.350624	  734.320657
delpoints	    0.000000	    0.000000	  896.123867	  738.738136
delpoints	    0.000000	    0.000000	 1046.221661	  774.019042
delpoints	    0.000000	    0.000000	  886.606351	  779.068431
delpoints	    0.000000	    0.000000	  898.623272	  818.809165
delpoints	    0.000000	    0.000000	 1008.649204	  844.527530
delpoints	    0.000000	    0.000000	  968.863151	  856.324385
delpoints	    0.000000	    0.000000	-2233.733856	  496.237421
delpoints	    0.000000	    0.000000	-2275.017510	  498.359516
delpoints	    0.000000	    0.000000	-2310.339085	  520.787472
delpoints	    0.000000	    0.000000	-2174.126244	  549.551121
delpoints	    0.000000	    0.000000	-2171.511989	  591.007265
delpoints	    0.000000	    0.000000	-2326.518121	  599.186830
delpoints	    0.000000	    0.000000	-2303.835988	  633.833082
delpoints	    0.000000	    0.000000	-2225.472885	  650.273279
delpoints	    0.000000	    0.000000	-2266.882737	  652.914539
delpoints	    0.000000	    0.000000	 -445.856480	  481.692760
delpoints	    0.000000	    0.000000	 -406.215633	  492.467217
delpoints	    0.000000	    0.000000	 -514.969359	  522.141376
delpoints	    0.000000	    0.000000	 -365.896293	  560.703238
delpoints	    0.000000	    0.000000	 -524.855044	  562.110729
delpoints	    0.000000	    0.000000	 -376.251122	  600.566886
delpoints	    0.000000	    0.000000	 -514.191080	  601.869583
delpoints	    0.000000	    0.000000	 -405.033655	  630.300483
delpoints	    0.000000	    0.000000	 -444.864375	  641.364999
delpoints	    0.000000	    0.000000	  331.210290	  480.395435
delpoints	    0.000000	    0.000000	  290.431602	  488.254588
delpoints	    0.000000	    0.000000	  369.782377	  493.938877
delpoints	    0.000000	    0.000000	  244.830560	  553.578798
delpoints	    0.000000	    0.000000	  404.667873	  566.130613
delpoints	    0.000000	    0.000000	  252.783466	  594.503233
delpoints	    0.000000	    0.000000	  390.543367	  604.894804
delpoints	    0.000000	    0.000000	  279.789143	  625.662576
delpoints	    0.000000	    0.000000	  318.806221	  639.595373
delpoints	    0.000000	    0.000000	 2087.338547	  473.608247
delpoints	    0.000000	    0.000000	 2167.654222	  479.939941
delpoints	    0.000000	    0.000000	 2056.074440	  499.913259
delpoints	    0.000000	    0.000000	 2194.332823	  510.882271
delpoints	    0.000000	    0.000000	 2042.116479	  539.285229
delpoints	    0.000000	    0.000000	 2201.955698	  551.893041
delpoints	    0.000000	    0.000000	 2049.420400	  579.807139
delpoints	    0.000000	    0.000000	 2156.434978	  617.272111
delpoints	    0.000000	    0.000000	 2115.691559	  624.717425
delpoints	    0.000000	    0.000000	-1306.868461	  281.484271
delpoints	    0.000000	    0.000000	-1386.978927	  281.558671
delpoints	    0.000000	    0.000000	-1277.759102	  311.099634
delpoints	    0.000000	    0.000000	-1415.969920	  310.539899
delpoints	    0.000000	    0.000000	-1426.685640	  350.274539
delpoints	    0.000000	    0.000000	-1266.969109	  351.152980
delpoints	    0.000000	    0.000000	-1416.104919	  390.321654
delpoints	    0.000000	    0.000000	-1307.321268	  419.737892
delpoints	    0.000000	    0.000000	-1347.337686	  430.674202
delpoints	    0.000000	    0.000000	 1221.995106	  253.178726
delpoints	    0.000000	    0.000000	 1261.521418	  265.200473
delpoints	    0.000000	    0.000000	 1151.195638	  289.981181
delpoints	    0.000000	    0.000000	 1289.737453	  295.439164
delpoints	    0.000000	    0.000000	 1138.779386	  329.434046
delpoints	    0.000000	    0.000000	 1298.820596	  336.256833
delpoints	    0.000000	    0.000000	 1176.242015	  399.795053
delpoints	    0.000000	    0.000000	 1256.087182	  403.541152
delpoints	    0.000000	    0.000000	 1215.864549	  412.238455
delpoints	    0.000000	    0.000000	-1877.677459	 -176.825416
delpoints	    0.000000	    0.000000	-1836.958496	 -170.093842
delpoints	    0.000000	    0.000000	-1916.406718	 -162.435263
delpoints	    0.000000	    0.000000	-1790.141366	 -104.874544
delpoints	    0.000000	    0.000000	-1949.649481	  -89.867689
delpoints	    0.000000	    0.000000	-1796.859716	  -64.175596
delpoints	    0.000000	    0.000000	-1935.228140	  -50.711375
delpoints	    0.000000	    0.000000	-1903.386014	  -24.864248
delpoints	    0.000000	    0.000000	-1862.347381	  -17.952715
delpoints	    0.000000	    0.000000	 -862.510911	 -175.370282
delpoints	    0.000000	    0.000000	 -784.034650	 -163.077695
delpoints	    0.000000	    0.000000	 -896.133232	 -151.676551
delpoints	    0.000000	    0.000000	 -759.617933	 -129.061996
delpoints	    0.000000	    0.000000	 -755.377975	  -88.540102
delpoints	    0.000000	    0.000000	 -909.028143	  -72.698007
delpoints	    0.000000	    0.000000	 -772.365239	  -50.652349
delpoints	    0.000000	    0.000000	 -884.798469	  -39.293959
delpoints	    0.000000	    0.000000	 -846.834633	  -21.990382
delpoints	    0.000000	    0.000000	  687.289546	 -187.359568
delpoints	    0.000000	    0.000000	  728.670463	 -186.193411
delpoints	    0.000000	    0.000000	  629.278405	 -132.540986
delpoints	    0.000000	    0.000000	  783.650845	 -128.073786
delpoints	    0.000000	    0.000000	  628.213109	  -91.155976
delpoints	    0.000000	    0.000000	  782.211588	  -86.719578
delpoints	    0.000000	    0.000000	  647.702933	  -55.234086
delpoints	    0.000000	    0.000000	  760.993150	  -51.794416
delpoints	    0.000000	    0.000000	  724.669337	  -32.244185
delpoints	    0.000000	    0.000000	 1749.148041	 -196.786919
delpoints	    0.000000	    0.000000	 1707.929326	 -192.406494
delpoints	    0.000000	    0.000000	 1787.344151	 -180.185572
delpoints	    0.000000	    0.000000	 1658.092501	 -129.846294
delpoints	    0.000000	    0.000000	 1816.582333	 -106.171777
delpoints	    0.000000	    0.000000	 1662.519350	  -88.605472
delpoints	    0.000000	    0.000000	 1799.614085	  -68.140119
delpoints	    0.000000	    0.000000	 1687.094546	  -55.567237
delpoints	    0.000000	    0.000000	 1725.200723	  -38.958550
delpoints	    0.000000	    0.000000	-1381.059283	 -616.584533
delpoints	    0.000000	    0.000000	-1302.186928	 -605.007870
delpoints	    0.000000	    0.000000	-1414.573944	 -591.393049
delpoints	    0.000000	    0.000000	-1277.112055	 -571.936863
delpoints	    0.000000	    0.000000	-1430.548156	 -554.082747
delpoints	    0.000000	    0.000000	-1288.393274	 -492.619405
delpoints	    0.000000	    0.000000	-1400.951186	 -479.487455
delpoints	    0.000000	    0.000000	-1321.779970	 -467.951266
delpoints	    0.000000	    0.000000	-1362.792514	 -463.365007
delpoints	    0.000000	    0.000000	 1219.987466	 -639.481031
delpoints	    0.000000	    0.000000	 1179.677458	 -630.287845
delpoints	    0.000000	    0.000000	 1259.733173	 -626.899747
delpoints	    0.000000	    0.000000	 1136.401478	 -562.819030
delpoints	    0.000000	    0.000000	 1296.017489	 -555.905251
delpoints	    0.000000	    0.000000	 1145.881932	 -522.513700
delpoints	    0.000000	    0.000000	 1283.808968	 -516.559307
delpoints	    0.000000	    0.000000	 1173.698330	 -491.941666
delpoints	    0.000000	    0.000000	 1213.125240	 -479.676672
delpoints	    0.000000	    0.000000	-2331.401955	 -724.972429
delpoints	    0.000000	    0.000000	-2192.443394	 -720.782784
delpoints	    0.000000	    0.000000	-2302.337441	 -694.632433
delpoints	    0.000000	    0.000000	-2262.767492	 -682.376080
delpoints	    0.000000	    0.000000	-2340.964498	 -765.222273
delpoints	    0.000000	    0.000000	-2180.577139	 -760.220040
delpoints	    0.000000	    0.000000	-2258.845746	 -842.382213
delpoints	    0.000000	    0.000000	-2298.884312	 -833.202296
delpoints	    0.000000	    0.000000	-2218.768719	 -830.583614
delpoints	    0.000000	    0.000000	 -395.371756	 -714.793237
delpoints	    0.000000	    0.000000	 -508.255105	 -708.760097
delpoints	    0.000000	    0.000000	 -471.264852	 -690.389933
delpoints	    0.000000	    0.000000	 -376.951548	 -751.556449
delpoints	    0.000000	    0.000000	 -479.465227	 -844.298514
delpoints	    0.000000	    0.000000	 -530.772460	 -743.819202
delpoints	    0.000000	    0.000000	 -401.604277	 -827.548148
delpoints	    0.000000	    0.000000	 -514.168491	 -821.551411
delpoints	    0.000000	    0.000000	 -379.392419	 -793.127139
delpoints	    0.000000	    0.000000	  233.947293	 -791.172945
delpoints	    0.000000	    0.000000	  391.043539	 -761.187661
delpoints	    0.000000	    0.000000	  237.105549	 -749.868349
delpoints	    0.000000	    0.000000	  260.408010	 -715.713973
delpoints	    0.000000	    0.000000	  373.013864	 -723.989543
delpoints	    0.000000	    0.000000	  364.452083	 -836.357243
delpoints	    0.000000	    0.000000	  297.665073	 -697.907938
delpoints	    0.000000	    0.000000	  327.686195	 -854.427898
delpoints	    0.000000	    0.000000	  286.210243	 -851.176957
delpoints	    0.000000	    0.000000	 2047.313351	 -753.132413
delpoints	    0.000000	    0.000000	 2197.464969	 -790.460706
delpoints	    0.000000	    0.000000	 2185.737041	 -750.703264
delpoints	    0.000000	    0.000000	 2075.828401	 -723.498326
delpoints	    0.000000	    0.000000	 2118.842371	 -872.084232
delpoints	    0.000000	    0.000000	 2078.502383	 -862.355718
delpoints	    0.000000	    0.000000	 2115.715282	 -711.865928
delpoints	    0.000000	    0.000000	 2158.503067	 -860.598307
delpoints	    0.000000	    0.000000	 2037.140227	 -793.101466
delpoints	    0.000000	    0.000000	-1149.630433	 -927.176811
delpoints	    0.000000	    0.000000	-1021.320629	 -979.019256
delpoints	    0.000000	    0.000000	-1111.498766	 -911.023502
delpoints	    0.000000	    0.000000	-1037.454186	 -941.124186
delpoints	    0.000000	    0.000000	-1174.688468	 -960.063445
delpoints	    0.000000	    0.000000	-1089.590727	-1069.336110
delpoints	    0.000000	    0.000000	-1130.869948	-1064.136068
delpoints	    0.000000	    0.000000	-1051.845404	-1053.076433
delpoints	    0.000000	    0.000000	-1179.631752	-1001.168640
delpoints	    0.000000	    0.000000	  931.450712	 -924.716627
delpoints	    0.000000	    0.000000	 1033.542340	 -972.883575
delpoints	    0.000000	    0.000000	  972.426141	 -921.324135
delpoints	    0.000000	    0.000000	  897.462695	 -948.369239
delpoints	    0.000000	    0.000000	  906.955324	-1061.413906
delpoints	    0.000000	    0.000000	 1036.682313	-1014.542854
delpoints	    0.000000	    0.000000	  880.056247	 -985.942162
delpoints	    0.000000	    0.000000	  944.359964	-1078.877618
delpoints	    0.000000	    0.000000	  985.654281	-1075.230140
delpoints	    0.000000	    0.000000	 -276.264724	-1493.711539
delpoints	    0.000000	    0.000000	 -410.438702	-1460.757172
delpoints	    0.000000	    0.000000	 -256.582759	-1416.119035
delpoints	    0.000000	    0.000000	 -256.269117	-1457.485896
delpoints	    0.000000	    0.000000	 -356.154616	-1361.498771
delpoints	    0.000000	    0.000000	 -314.730214	-1360.721513
delpoints	    0.000000	    0.000000	 -410.978949	-1419.101008
delpoints	    0.000000	    0.000000	 -352.752862	-1516.060979
delpoints	    0.000000	    0.000000	 -389.268280	-1495.983439
delpoints	    0.000000	    0.000000	  122.736569	-1494.274460
delpoints	    0.000000	    0.000000	  259.180571	-1472.975968
delpoints	    0.000000	    0.000000	  110.591836	-1415.233859
delpoints	    0.000000	    0.000000	  247.095084	-1394.183800
delpoints	    0.000000	    0.000000	  134.489308	-1381.858085
delpoints	    0.000000	    0.000000	  264.022316	-1431.792096
delpoints	    0.000000	    0.000000	  172.720141	-1364.925838
delpoints	    0.000000	    0.000000	  156.061027	-1518.991936
delpoints	    0.000000	    0.000000	  234.649770	-1506.303749
delpoints	    0.000000	    0.000000	-1777.486123	-1583.379544
delpoints	    0.000000	    0.000000	-1736.335993	-1579.416965
delpoints	    0.000000	    0.000000	-1811.714720	-1607.011094
delpoints	    0.000000	    0.000000	-1829.949051	-1644.475049
delpoints	    0.000000	    0.000000	-1672.166367	-1672.821595
delpoints	    0.000000	    0.000000	-1765.408828	-1737.305063
delpoints	    0.000000	    0.000000	-1724.134072	-1733.848526
delpoints	    0.000000	    0.000000	-1802.662821	-1720.040234
delpoints	    0.000000	    0.000000	-1023.419309	-1595.118862
delpoints	    0.000000	    0.000000	 -944.148887	-1586.345546
delpoints	    0.000000	    0.000000	 -985.395071	-1580.101633
delpoints	    0.000000	    0.000000	 -902.841533	-1691.356353
delpoints	    0.000000	    0.000000	 -896.395153	-1650.442528
delpoints	    0.000000	    0.000000	-1049.428015	-1627.786956
delpoints	    0.000000	    0.000000	-1008.252613	-1733.104264
delpoints	    0.000000	    0.000000	-1040.324911	-1707.640806
delpoints	    0.000000	    0.000000	 -967.566818	-1739.446017
delpoints	    0.000000	    0.000000	  779.106775	-1607.012500
delpoints	    0.000000	    0.000000	  858.807572	-1601.310486
delpoints	    0.000000	    0.000000	  752.273942	-1638.342625
delpoints	    0.000000	    0.000000	  744.525094	-1678.978787
delpoints	    0.000000	    0.000000	  890.242821	-1628.141356
delpoints	    0.000000	    0.000000	  830.099539	-1752.947382
delpoints	    0.000000	    0.000000	  758.011000	-1717.950624
delpoints	    0.000000	    0.000000	  896.258827	-1708.024352
delpoints	    0.000000	    0.000000	  869.070628	-1739.368033
delpoints	    0.000000	    0.000000	 1569.952277	-1603.708197
delpoints	    0.000000	    0.000000	 1610.880928	-1598.557345
delpoints	    0.000000	    0.000000	 1679.373283	-1688.988671
delpoints	    0.000000	    0.000000	 1520.806798	-1666.564982
delpoints	    0.000000	    0.000000	 1674.128625	-1647.746978
delpoints	    0.000000	    0.000000	 1589.108930	-1757.285730
delpoints	    0.000000	    0.000000	 1663.989260	-1726.873785
delpoints	    0.000000	    0.000000	 1525.996802	-1707.738776
delpoints	    0.000000	    0.000000	 1551.508492	-1740.982865
delpoints	    0.000000	    0.000000	 -638.984701	-2257.201641
delpoints	    0.000000	    0.000000	 -598.326494	-2248.687184
delpoints	    0.000000	    0.000000	 -682.292123	-2325.606882
delpoints	    0.000000	    0.000000	 -565.339322	-2400.174263
delpoints	    0.000000	    0.000000	 -645.194391	-2396.680120
delpoints	    0.000000	    0.000000	 -531.305845	-2291.381858
delpoints	    0.000000	    0.000000	 -534.691193	-2372.289121
delpoints	    0.000000	    0.000000	 -559.113097	-2260.742143
delpoints	    0.000000	    0.000000	 -673.477520	-2365.924760
delpoints	    0.000000	    0.000000	  442.184969	-2259.062762
delpoints	    0.000000	    0.000000	  351.022343	-2326.126786
delpoints	    0.000000	    0.000000	  418.013355	-2417.614212
delpoints	    0.000000	    0.000000	  504.626490	-2309.277953
delpoints	    0.000000	    0.000000	  459.014372	-2413.333491
delpoints	    0.000000	    0.000000	  380.130762	-2401.000601
delpoints	    0.000000	    0.000000	  367.770132	-2288.365610
delpoints	    0.000000	    0.000000	  492.684285	-2388.505589
delpoints	    0.000000	    0.000000	  480.088209	-2275.401904
