    P1009 	-12623.525022	201584.033721	 -177.878379	 1919.395287
    P1018 	-25432.826067	179169.091965	 -308.791988	 1695.858954
    P1019 	  404.207004	179135.740571	  -48.981750	 1692.688613
    P1020 	25878.587812	179013.429751	  207.154737	 1688.433500
    P1021 	51331.431970	179295.086659	  463.162687	 1687.969300
    P1041 	-127610.866224	134668.304589	-1339.773619	 1256.358081
    P1051 	127653.412964	135081.553251	 1226.137817	 1236.061030
    P1054 	-191873.348794	112412.649452	-1989.214211	 1035.260091
    P1055 	-166291.638729	112725.855515	-1730.735353	 1037.218684
    P1056 	-140418.279131	112550.746202	-1469.774811	 1034.170513
    P1059 	-63623.095517	112367.769407	 -697.194959	 1027.903313
    P1064 	64340.341964	112566.687192	  587.425940	 1019.156482
    P1067 	141120.496432	113008.383027	 1359.390673	 1014.138101
    P1068 	166079.625678	113347.586190	 1610.911520	 1013.839299
    P1071 	-178975.434115	91049.430278	-1859.585605	  819.237111
    P1072 	-153305.282381	90716.230186	-1600.565361	  814.784538
    P1078 	  505.853924	90560.489163	  -54.821760	  804.460826
    P1084 	153084.485904	91010.764395	 1477.729127	  793.180869
    P1085 	179526.850952	91037.750963	 1744.230765	  789.650665
    P1102 	166654.659891	69283.015274	 1612.494871	  574.649533
    P1106 	-179132.254308	46874.616047	-1862.998258	  374.289483
    P1110 	-77006.641941	45919.724518	 -835.174291	  360.747173
    P1113 	77121.534540	45762.719586	  710.766623	  349.368134
    P1117 	178701.012403	46175.112451	 1732.043274	  342.457679
    P1119 	-217119.491783	24277.215706	-2248.180133	  148.138920
    P1132 	217826.985744	24495.287674	 2125.340132	  120.619810
    P1136 	-127972.654654	 1890.400964	-1349.880871	  -79.843537
    P1141 	127839.166966	 1833.232699	 1217.296446	  -95.233470
    P1158 	217504.444733	-20300.061968	 2119.424096	 -327.116783
    P1160 	-178773.813224	-41815.303418	-1865.044241	 -517.283533
    P1161 	-153579.974850	-41739.622500	-1610.841957	 -517.363390
    P1167 	76933.943188	-42549.137536	  703.686885	 -536.226627
    P1171 	178960.721614	-42498.098319	 1729.397500	 -544.883607
    P1174 	-191797.503822	-64383.533503	-1998.719626	 -743.356158
    P1175 	-166119.183207	-64185.312707	-1739.288021	 -742.297152
    P1176 	-140733.823709	-64635.939770	-1483.330495	 -747.728550
    P1191 	-204549.513372	-86720.544218	-2130.181556	 -966.893467
    P1192 	-179368.422248	-86266.042734	-1875.369717	 -963.365133
    P1193 	-153276.490156	-86261.779314	-1611.901879	 -964.352930
    P1194 	-127963.276334	-86558.859170	-1356.753106	 -968.323905
    P1196 	-76862.891718	-86456.621359	 -842.620849	 -969.347856
    P1197 	-51058.182103	-86856.520834	 -583.417045	 -974.474949
    P1198 	-25283.139744	-86483.048320	 -324.616816	 -971.906089
    P1199 	  552.877814	-87188.287847	  -65.392679	 -980.287083
    P1200 	25737.845691	-86511.750611	  187.360221	 -974.859979
    P1201 	51427.127492	-87006.498354	  445.115834	 -981.384028
    P1202 	76981.857289	-86671.170939	  701.661628	 -979.716570
    P1204 	128383.485253	-86761.500704	 1218.159602	 -984.649309
    P1205 	153247.926113	-86698.879623	 1468.383371	 -986.294212
    P1206 	179261.638640	-87130.426133	 1730.500835	 -993.275972
    P1207 	204826.416209	-86947.994518	 1988.534462	 -994.318947
    P1208 	-191652.100036	-108938.709641	-2002.344230	-1190.185690
    P1209 	-166038.140137	-108932.256508	-1743.321911	-1191.277993
    P1210 	-140252.935721	-109275.140616	-1483.078395	-1195.850407
    P1211 	-115233.052702	-109064.942899	-1230.881059	-1194.828893
    P1212 	-89413.139514	-108957.954274	 -970.966432	-1194.888551
    P1213 	-63920.620032	-108448.382440	 -714.576869	-1190.920172
    P1214 	-38205.122987	-108621.810741	 -456.216521	-1193.881990
    P1215 	-12742.493050	-108778.935536	 -200.531001	-1196.747340
    P1216 	12936.757480	-109202.050221	   57.236455	-1202.402290
    P1217 	38441.984927	-109380.085985	  313.268497	-1205.705951
    P1218 	64188.294789	-108929.647361	  571.817142	-1202.843573
    P1219 	89942.840854	-109414.493006	  830.505831	-1209.568236
    P1220 	115450.723932	-109073.047860	 1086.947515	-1208.145108
    P1221 	140906.529404	-109186.672681	 1343.083460	-1211.512556
    P1222 	166523.814758	-109447.509806	 1601.150026	-1216.614085
    P1223 	191986.499595	-109081.786974	 1858.059269	-1215.647537
    P1224 	-178653.471543	-131341.183022	-1873.856279	-1415.360336
    P1225 	-153559.936801	-131272.141020	-1620.156586	-1415.934373
    P1226 	-127992.133766	-131293.721470	-1362.104441	-1417.409086
    P1227 	-102243.996507	-131212.688923	-1102.591065	-1417.852449
    P1228 	-76826.749269	-131145.842426	 -846.715898	-1418.433797
    P1229 	-51177.326704	-130796.212945	 -588.712777	-1416.217148
    P1231 	  104.655413	-131087.381179	  -73.437310	-1421.937559
    P1233 	51229.983089	-130973.749093	  440.121972	-1423.984689
    P1234 	76848.205612	-131293.527626	  697.525054	-1429.016181
    P1235 	102548.225892	-131241.594248	  955.924816	-1430.479099
    P1236 	128031.375083	-130703.434940	 1212.379752	-1427.213662
    P1237 	153607.990178	-131308.798275	 1469.990437	-1435.703638
    P1238 	179245.563652	-131619.135479	 1728.578392	-1441.465833
    P1240 	-140315.560345	-153339.231573	-1489.506000	-1637.995556
    P1241 	-114983.822045	-153049.439226	-1233.801739	-1636.490089
    P1243 	-63725.288961	-153499.612771	 -717.473762	-1643.851846
    P1244 	-38381.875203	-153735.791968	 -462.524752	-1647.676378
    P1245 	-12720.659175	-153382.591194	 -204.456716	-1645.646193
    P1246 	12553.541391	-153739.907676	   49.567952	-1650.827025
    P1247 	38575.808672	-153262.228289	  311.174498	-1647.746717
    P1248 	63847.985875	-153644.508610	  565.214166	-1653.409920
    P1250 	115233.925989	-153296.541992	 1082.245054	-1654.047170
    P1251 	141169.706226	-153375.304504	 1343.523705	-1657.222959
    P1253 	-127609.093735	-175144.222079	-1364.519469	-1857.547777
    P1254 	-102104.809542	-175783.696746	-1107.176013	-1865.567530
    P1255 	-76794.765133	-174804.304890	 -851.856304	-1857.302914
    P1256 	-50383.146342	-175081.374543	 -585.865854	-1861.750175
    P1257 	-25273.019025	-175259.526425	 -333.142532	-1865.161815
    P1258 	  399.731688	-175094.915592	  -74.827194	-1865.218475
    P1259 	25510.576953	-175429.736128	  177.733424	-1870.353335
    P1260 	51697.011687	-175041.947247	  441.201078	-1868.383716
    P1261 	76438.155129	-175348.548435	  690.141215	-1873.437981
    P1262 	102466.476896	-175687.521377	  952.182117	-1879.077878
    P1263 	128119.049156	-175962.506210	 1210.660700	-1884.219347
    P1264 	-89062.772335	-197996.297980	 -979.055455	-2089.644552
    P1265 	-63392.034575	-197948.049060	 -720.124857	-2090.979128
    P1266 	-38216.748763	-197823.474357	 -466.389531	-2091.525597
    P1267 	-12643.913886	-197615.338446	 -208.786307	-2091.295041
    P1268 	12821.373593	-197754.799499	   47.604976	-2094.621715
    P1269 	38719.615688	-197585.536184	  308.371855	-2094.952085
    P1270 	64358.175595	-197611.854151	  566.547335	-2097.344563
    P1271 	89594.149687	-197621.932906	  820.778307	-2099.668042
    P1273 	-24740.385848	-219759.878965	 -333.734727	-2313.609634
    P1274 	  111.056499	-221391.873896	  -83.452268	-2332.130372
    P1275 	26169.454187	-219688.737145	  179.401136	-2317.155049
    Q1001 	-51052.233937	221748.217705	 -562.946052	 2126.664695
    Q1005 	50750.125756	222028.045533	  462.592645	 2115.198479
    Q1025 	-166306.374814	155070.692158	-1729.410146	 1464.563110
    Q1028 	-89655.094772	154923.303494	 -956.537054	 1457.833866
    Q1035 	89398.008230	155795.356673	  843.449160	 1448.054107
    Q1038 	165939.396449	156539.990943	 1614.734515	 1443.451746
    Q1045 	-25544.340460	133083.358872	 -313.431439	 1233.188540
    Q1047 	25781.333554	132933.382758	  201.946070	 1226.983213
    Q1074 	-102468.382410	88546.195635	-1088.834983	  790.561137
    Q1082 	102266.624896	88692.016914	  966.377792	  776.342448
    Q1087 	-217551.942237	66618.678156	-2250.617975	  574.476480
    Q1094 	-38307.508712	66090.092686	 -445.671928	  561.419419
    Q1097 	38498.909682	66443.522363	  324.680227	  559.751573
    Q1104 	217150.935943	67073.800831	 2121.882819	  545.173597
    Q1108 	-127939.041711	44700.165112	-1347.165634	  350.580805
    Q1115 	127715.283976	44564.391055	 1218.765062	  332.463298
    Q1134 	-179585.973193	  -23.737552	-1870.161957	  -97.413948
    Q1138 	-76676.534454	  -35.739942	 -834.454038	 -101.060245
    Q1139 	76898.365776	  -75.924798	  705.723167	 -109.976985
    Q1143 	179495.193769	  101.787204	 1736.999153	 -118.121369
    Q1162 	-127822.813825	-44146.405129	-1351.573605	 -542.406261
    Q1169 	127988.567788	-44483.781491	 1216.294877	 -559.733999
    Q1173 	-217683.605249	-66416.357909	-2260.981833	 -762.769332
    Q1180 	-38430.217415	-66295.291415	 -455.027271	 -768.380411
    Q1183 	38068.917741	-66683.628777	  312.364508	 -776.205208
    Q1190 	217472.615618	-66691.582164	 2117.070145	 -792.270797
    Q1195 	-102513.298714	-88647.063429	-1100.749605	 -990.303849
    Q1203 	102536.222216	-88525.383728	  958.232314	-1000.265307
    Q1230 	-25794.988293	-132878.935578	 -333.808032	-1438.513389
    Q1232 	25820.362674	-133149.501832	  184.696923	-1444.249162
    Q1239 	-166163.992314	-155572.441470	-1751.145500	-1658.916455
    Q1242 	-89408.649365	-155248.931657	 -976.305022	-1659.999252
    Q1249 	89602.573590	-155430.359048	  824.124779	-1673.425211
    Q1252 	166621.101543	-155190.897912	 1600.153417	-1678.121590
    Q1272 	-51351.261830	-221506.886967	 -602.384285	-2329.052691
    Q1276 	51060.164978	-221587.459005	  430.046798	-2338.554159
nouse	-191947.559492	-21702.719903	-1996.528655	 -314.862158
nouse	-64548.535743	-21989.768901	 -714.079326	 -322.114262
nouse	102516.655000	 -339.846223	  962.814361	 -114.703969
nouse	166574.575046	-21957.742311	 1605.633112	 -337.571062
nouse	-102716.615834	-44403.866479	-1099.034459	 -545.871450
nouse	115462.466000	-22654.978468	 1091.574808	 -339.581393
nouse	-204688.279698	-44353.005523	-2127.230971	 -541.878791
nouse	-64134.427126	-66167.622433	 -713.058554	 -766.004171
nouse	12809.305317	-66687.698390	   58.994052	 -774.818950
nouse	204886.890528	-44830.525334	 1990.820177	 -571.304669
nouse	-89603.943172	-66643.787382	 -968.979479	 -769.779388
nouse	89765.932685	-67109.712780	  831.131097	 -783.927969
nouse	-10120.509010	-59704.977246	 -170.530308	 -703.461770
nouse	140658.625369	-66561.031378	 1342.611909	 -782.629906
nouse	-51515.179932	-44300.485325	 -584.766858	 -546.801679
nouse	-115121.172291	-66350.327433	-1225.577488	 -765.873146
nouse	140967.088396	-22547.660437	 1347.916066	 -340.853084
nouse	89432.301014	-22770.314185	  830.209142	 -338.598393
nouse	51012.947894	-43993.858436	  443.563142	 -548.991837
nouse	204579.951655	  429.079621	 1990.021089	 -117.993709
nouse	153686.166889	 -437.931736	 1477.078636	 -120.607252
nouse	-102407.350033	  642.733526	-1092.873135	  -93.274120
nouse	191851.925861	-66485.507825	 1858.338033	 -787.128615
nouse	153228.923819	-44828.180872	 1470.137760	 -565.565280
nouse	192090.897600	-22248.780638	 1862.767850	 -343.405099
nouse	-204758.765476	  119.362612	-2124.529364	  -95.180607
nouse	102322.449768	-44302.768135	  958.444197	 -555.752788
nouse	166628.644651	-67035.771765	 1604.023960	 -789.928070
nouse	-217576.629925	-21516.687190	-2255.806607	 -312.156036
nouse	63992.034982	-66213.083823	  572.474590	 -773.105307
nouse	-153564.453363	 -561.937966	-1607.736293	 -103.650476
nouse	-166197.721964	-21752.276717	-1736.544769	 -316.185573
nouse	-140763.312666	-22201.435637	-1480.224655	 -321.520390
nouse	115435.684589	-66671.388055	 1089.003107	 -781.534628
nouse	-115094.581182	-22460.028098	-1221.915585	 -324.977345
nouse	-76836.780945	-43872.105001	 -838.948348	 -541.487174
nouse	-89452.287474	-22437.595479	 -964.175882	 -325.660915
nouse	64186.679700	-22581.746785	  576.923562	 -334.854631
delpoints	    0.000000	    0.000000	 -563.935433	 2046.817481
delpoints	    0.000000	    0.000000	 -524.274204	 2056.669192
delpoints	    0.000000	    0.000000	 -603.632925	 2057.880354
delpoints	    0.000000	    0.000000	 -483.073883	 2125.196490
delpoints	    0.000000	    0.000000	 -642.887300	 2128.207738
delpoints	    0.000000	    0.000000	 -493.212191	 2165.390381
delpoints	    0.000000	    0.000000	 -631.204978	 2167.758226
delpoints	    0.000000	    0.000000	 -601.814617	 2196.540196
delpoints	    0.000000	    0.000000	 -561.667682	 2206.709373
delpoints	    0.000000	    0.000000	  473.844217	 2035.680897
delpoints	    0.000000	    0.000000	  433.220954	 2040.720577
delpoints	    0.000000	    0.000000	  511.940079	 2052.455789
delpoints	    0.000000	    0.000000	  383.701116	 2103.345479
delpoints	    0.000000	    0.000000	  541.589972	 2127.212997
delpoints	    0.000000	    0.000000	  388.348484	 2144.563384
delpoints	    0.000000	    0.000000	  525.107994	 2165.110860
delpoints	    0.000000	    0.000000	  412.919523	 2178.280477
delpoints	    0.000000	    0.000000	  450.821959	 2194.366870
delpoints	    0.000000	    0.000000	-1747.436053	 1386.787239
delpoints	    0.000000	    0.000000	-1706.227309	 1388.030766
delpoints	    0.000000	    0.000000	-1784.235577	 1405.894069
delpoints	    0.000000	    0.000000	-1651.042881	 1446.220395
delpoints	    0.000000	    0.000000	-1807.472072	 1482.737210
delpoints	    0.000000	    0.000000	-1652.791860	 1487.431879
delpoints	    0.000000	    0.000000	-1788.067139	 1519.424260
delpoints	    0.000000	    0.000000	-1752.529199	 1540.970110
delpoints	    0.000000	    0.000000	-1711.316298	 1542.586697
delpoints	    0.000000	    0.000000	 -940.021711	 1379.933238
delpoints	    0.000000	    0.000000	 -903.359629	 1398.153737
delpoints	    0.000000	    0.000000	-1016.093440	 1404.717371
delpoints	    0.000000	    0.000000	-1034.763170	 1441.647450
delpoints	    0.000000	    0.000000	 -878.502245	 1473.785306
delpoints	    0.000000	    0.000000	-1032.357800	 1482.675104
delpoints	    0.000000	    0.000000	 -896.987356	 1511.143897
delpoints	    0.000000	    0.000000	 -931.567727	 1533.725724
delpoints	    0.000000	    0.000000	 -972.773269	 1535.766998
delpoints	    0.000000	    0.000000	  869.473261	 1372.776541
delpoints	    0.000000	    0.000000	  791.146791	 1387.466766
delpoints	    0.000000	    0.000000	  903.945527	 1395.752000
delpoints	    0.000000	    0.000000	  768.178254	 1421.477116
delpoints	    0.000000	    0.000000	  921.928089	 1433.505392
delpoints	    0.000000	    0.000000	  918.812588	 1474.563781
delpoints	    0.000000	    0.000000	  783.126042	 1500.219610
delpoints	    0.000000	    0.000000	  817.022763	 1523.434583
delpoints	    0.000000	    0.000000	  858.053689	 1526.603484
delpoints	    0.000000	    0.000000	 1618.303054	 1363.546817
delpoints	    0.000000	    0.000000	 1577.830313	 1372.426673
delpoints	    0.000000	    0.000000	 1658.006185	 1376.145020
delpoints	    0.000000	    0.000000	 1534.599784	 1439.369735
delpoints	    0.000000	    0.000000	 1694.818508	 1447.445289
delpoints	    0.000000	    0.000000	 1543.632957	 1480.263058
delpoints	    0.000000	    0.000000	 1682.095506	 1486.835510
delpoints	    0.000000	    0.000000	 1571.370288	 1510.716780
delpoints	    0.000000	    0.000000	 1611.092820	 1523.290197
delpoints	    0.000000	    0.000000	 -301.227096	 1154.249467
delpoints	    0.000000	    0.000000	 -342.225501	 1158.614820
delpoints	    0.000000	    0.000000	 -263.506484	 1170.812542
delpoints	    0.000000	    0.000000	 -392.095923	 1221.062911
delpoints	    0.000000	    0.000000	 -234.587982	 1244.876955
delpoints	    0.000000	    0.000000	 -387.927581	 1262.141335
delpoints	    0.000000	    0.000000	 -250.924417	 1282.943728
delpoints	    0.000000	    0.000000	 -363.247757	 1295.745387
delpoints	    0.000000	    0.000000	 -325.559929	 1312.093222
delpoints	    0.000000	    0.000000	  207.332456	 1147.340639
delpoints	    0.000000	    0.000000	  246.038952	 1160.714051
delpoints	    0.000000	    0.000000	  135.536029	 1182.493435
delpoints	    0.000000	    0.000000	  122.489122	 1221.646549
delpoints	    0.000000	    0.000000	  281.657716	 1231.629178
delpoints	    0.000000	    0.000000	  130.368600	 1262.306326
delpoints	    0.000000	    0.000000	  237.511086	 1298.517492
delpoints	    0.000000	    0.000000	  197.019127	 1306.462904
delpoints	    0.000000	    0.000000	-1092.721767	  711.002527
delpoints	    0.000000	    0.000000	-1132.249853	  723.456734
delpoints	    0.000000	    0.000000	-1021.947224	  746.934914
delpoints	    0.000000	    0.000000	-1008.888530	  786.080432
delpoints	    0.000000	    0.000000	-1168.770857	  794.908023
delpoints	    0.000000	    0.000000	-1017.254846	  826.575770
delpoints	    0.000000	    0.000000	-1155.606375	  834.236406
delpoints	    0.000000	    0.000000	-1045.048685	  856.849220
delpoints	    0.000000	    0.000000	-1124.757802	  862.032340
delpoints	    0.000000	    0.000000	 1004.196868	  705.709968
delpoints	    0.000000	    0.000000	  924.093752	  708.739144
delpoints	    0.000000	    0.000000	 1034.231234	  734.153412
delpoints	    0.000000	    0.000000	  895.943595	  738.557759
delpoints	    0.000000	    0.000000	 1046.087711	  773.804410
delpoints	    0.000000	    0.000000	  886.484678	  778.880100
delpoints	    0.000000	    0.000000	  898.512196	  818.570796
delpoints	    0.000000	    0.000000	 1008.515601	  844.322988
delpoints	    0.000000	    0.000000	  968.728917	  856.185931
delpoints	    0.000000	    0.000000	-2234.050648	  496.293542
delpoints	    0.000000	    0.000000	-2275.503637	  498.463966
delpoints	    0.000000	    0.000000	-2310.552546	  520.895111
delpoints	    0.000000	    0.000000	-2174.534804	  549.677699
delpoints	    0.000000	    0.000000	-2171.804534	  590.968531
delpoints	    0.000000	    0.000000	-2326.809709	  599.276697
delpoints	    0.000000	    0.000000	-2304.299646	  633.932035
delpoints	    0.000000	    0.000000	-2225.767337	  650.327243
delpoints	    0.000000	    0.000000	-2267.401763	  652.859039
delpoints	    0.000000	    0.000000	 -446.098496	  481.554763
delpoints	    0.000000	    0.000000	 -406.354289	  492.339731
delpoints	    0.000000	    0.000000	 -515.109067	  521.969998
delpoints	    0.000000	    0.000000	 -366.062502	  560.588360
delpoints	    0.000000	    0.000000	 -525.033045	  561.915939
delpoints	    0.000000	    0.000000	 -376.377066	  600.455128
delpoints	    0.000000	    0.000000	 -514.310325	  601.697475
delpoints	    0.000000	    0.000000	 -405.187543	  630.152097
delpoints	    0.000000	    0.000000	 -445.107805	  641.236706
delpoints	    0.000000	    0.000000	  331.054995	  480.190515
delpoints	    0.000000	    0.000000	  290.318014	  488.066783
delpoints	    0.000000	    0.000000	  369.638800	  493.646333
delpoints	    0.000000	    0.000000	  244.716883	  553.431339
delpoints	    0.000000	    0.000000	  404.594774	  565.819227
delpoints	    0.000000	    0.000000	  252.666524	  594.344968
delpoints	    0.000000	    0.000000	  390.410390	  604.634759
delpoints	    0.000000	    0.000000	  279.646850	  625.435235
delpoints	    0.000000	    0.000000	  318.695785	  639.410000
delpoints	    0.000000	    0.000000	 2087.207507	  473.372999
delpoints	    0.000000	    0.000000	 2167.594410	  479.756292
delpoints	    0.000000	    0.000000	 2055.980474	  499.684144
delpoints	    0.000000	    0.000000	 2194.252176	  510.705417
delpoints	    0.000000	    0.000000	 2042.027077	  539.154353
delpoints	    0.000000	    0.000000	 2201.969305	  551.692465
delpoints	    0.000000	    0.000000	 2049.245001	  579.540178
delpoints	    0.000000	    0.000000	 2156.398158	  617.193410
delpoints	    0.000000	    0.000000	 2115.580320	  624.579795
delpoints	    0.000000	    0.000000	-1307.047970	  281.410991
delpoints	    0.000000	    0.000000	-1387.235819	  281.490058
delpoints	    0.000000	    0.000000	-1416.331991	  310.492714
delpoints	    0.000000	    0.000000	-1277.976580	  311.042266
delpoints	    0.000000	    0.000000	-1426.913576	  350.250284
delpoints	    0.000000	    0.000000	-1267.223362	  351.106421
delpoints	    0.000000	    0.000000	-1416.352362	  390.286399
delpoints	    0.000000	    0.000000	-1307.582908	  419.715981
delpoints	    0.000000	    0.000000	-1347.552063	  430.706046
delpoints	    0.000000	    0.000000	 1221.878241	  252.936778
delpoints	    0.000000	    0.000000	 1261.286467	  264.986350
delpoints	    0.000000	    0.000000	 1151.147995	  289.797254
delpoints	    0.000000	    0.000000	 1289.582187	  295.216571
delpoints	    0.000000	    0.000000	 1138.600201	  329.305186
delpoints	    0.000000	    0.000000	 1298.667740	  335.999266
delpoints	    0.000000	    0.000000	 1176.094159	  399.648841
delpoints	    0.000000	    0.000000	 1256.004445	  403.374858
delpoints	    0.000000	    0.000000	 1215.775243	  412.055101
delpoints	    0.000000	    0.000000	-1877.958672	 -176.928738
delpoints	    0.000000	    0.000000	-1837.193282	 -170.184035
delpoints	    0.000000	    0.000000	-1916.696005	 -162.542442
delpoints	    0.000000	    0.000000	-1790.394732	 -104.914252
delpoints	    0.000000	    0.000000	-1949.882902	  -89.932867
delpoints	    0.000000	    0.000000	-1797.154814	  -64.245571
delpoints	    0.000000	    0.000000	-1935.486152	  -50.766491
delpoints	    0.000000	    0.000000	-1903.665095	  -24.977033
delpoints	    0.000000	    0.000000	-1862.599494	  -17.999785
delpoints	    0.000000	    0.000000	 -862.710369	 -175.519584
delpoints	    0.000000	    0.000000	 -784.163492	 -163.264196
delpoints	    0.000000	    0.000000	 -896.241242	 -151.807286
delpoints	    0.000000	    0.000000	 -759.805064	 -129.152004
delpoints	    0.000000	    0.000000	 -755.527186	  -88.634338
delpoints	    0.000000	    0.000000	 -909.189434	  -72.793608
delpoints	    0.000000	    0.000000	 -772.517171	  -50.802207
delpoints	    0.000000	    0.000000	 -885.030975	  -39.431419
delpoints	    0.000000	    0.000000	 -846.940346	  -22.117867
delpoints	    0.000000	    0.000000	  687.064078	 -187.587443
delpoints	    0.000000	    0.000000	  728.508943	 -186.361069
delpoints	    0.000000	    0.000000	  629.131267	 -132.710131
delpoints	    0.000000	    0.000000	  783.503121	 -128.268991
delpoints	    0.000000	    0.000000	  628.022555	  -91.410559
delpoints	    0.000000	    0.000000	  782.052069	  -86.931124
delpoints	    0.000000	    0.000000	  647.598342	  -55.463961
delpoints	    0.000000	    0.000000	  760.777369	  -51.999178
delpoints	    0.000000	    0.000000	  724.516079	  -32.465952
delpoints	    0.000000	    0.000000	 1749.006396	 -197.043159
delpoints	    0.000000	    0.000000	 1707.736318	 -192.612142
delpoints	    0.000000	    0.000000	 1787.199710	 -180.342256
delpoints	    0.000000	    0.000000	 1657.889493	 -130.004226
delpoints	    0.000000	    0.000000	 1816.447766	 -106.393450
delpoints	    0.000000	    0.000000	 1662.393681	  -88.760691
delpoints	    0.000000	    0.000000	 1799.479635	  -68.371006
delpoints	    0.000000	    0.000000	 1686.939126	  -55.712612
delpoints	    0.000000	    0.000000	 1725.008236	  -39.242087
delpoints	    0.000000	    0.000000	-1381.237950	 -616.720918
delpoints	    0.000000	    0.000000	-1302.325419	 -605.138421
delpoints	    0.000000	    0.000000	-1414.813374	 -591.512391
delpoints	    0.000000	    0.000000	-1277.291279	 -572.088150
delpoints	    0.000000	    0.000000	-1430.666895	 -554.203866
delpoints	    0.000000	    0.000000	-1288.591221	 -492.762502
delpoints	    0.000000	    0.000000	-1401.129735	 -479.621406
delpoints	    0.000000	    0.000000	-1321.925694	 -468.122665
delpoints	    0.000000	    0.000000	-1362.924583	 -463.474282
delpoints	    0.000000	    0.000000	 1219.890981	 -639.635961
delpoints	    0.000000	    0.000000	 1179.578080	 -630.437301
delpoints	    0.000000	    0.000000	 1259.612815	 -627.120111
delpoints	    0.000000	    0.000000	 1136.265560	 -563.072114
delpoints	    0.000000	    0.000000	 1295.907801	 -556.143682
delpoints	    0.000000	    0.000000	 1145.706214	 -522.666868
delpoints	    0.000000	    0.000000	 1283.714451	 -516.721046
delpoints	    0.000000	    0.000000	 1173.534581	 -492.169331
delpoints	    0.000000	    0.000000	 1213.025651	 -479.837394
delpoints	    0.000000	    0.000000	-2331.612525	 -725.076993
delpoints	    0.000000	    0.000000	-2192.634721	 -720.912319
delpoints	    0.000000	    0.000000	-2302.553390	 -694.716859
delpoints	    0.000000	    0.000000	-2262.963518	 -682.611283
delpoints	    0.000000	    0.000000	-2341.218933	 -765.331286
delpoints	    0.000000	    0.000000	-2180.783110	 -760.389389
delpoints	    0.000000	    0.000000	-2259.044033	 -842.580293
delpoints	    0.000000	    0.000000	-2299.158863	 -833.440077
delpoints	    0.000000	    0.000000	-2218.952120	 -830.753990
delpoints	    0.000000	    0.000000	 -395.529389	 -714.990967
delpoints	    0.000000	    0.000000	 -508.389640	 -708.911570
delpoints	    0.000000	    0.000000	 -530.882845	 -743.964934
delpoints	    0.000000	    0.000000	 -471.315411	 -690.519949
delpoints	    0.000000	    0.000000	 -377.079219	 -751.730654
delpoints	    0.000000	    0.000000	 -479.522823	 -844.395332
delpoints	    0.000000	    0.000000	 -401.743883	 -827.798100
delpoints	    0.000000	    0.000000	 -514.227289	 -821.649497
delpoints	    0.000000	    0.000000	 -379.457520	 -793.217075
delpoints	    0.000000	    0.000000	  233.830023	 -791.297721
delpoints	    0.000000	    0.000000	  390.840039	 -761.315277
delpoints	    0.000000	    0.000000	  236.989783	 -750.014906
delpoints	    0.000000	    0.000000	  297.528643	 -698.079328
delpoints	    0.000000	    0.000000	  364.365350	 -836.507923
delpoints	    0.000000	    0.000000	  372.828394	 -724.036354
delpoints	    0.000000	    0.000000	  260.230457	 -715.909070
delpoints	    0.000000	    0.000000	  327.574776	 -854.553580
delpoints	    0.000000	    0.000000	  286.103809	 -851.334902
delpoints	    0.000000	    0.000000	 2047.152060	 -753.392482
delpoints	    0.000000	    0.000000	 2185.526307	 -750.969348
delpoints	    0.000000	    0.000000	 2197.227250	 -790.759346
delpoints	    0.000000	    0.000000	 2075.686492	 -723.657824
delpoints	    0.000000	    0.000000	 2118.658567	 -872.358858
delpoints	    0.000000	    0.000000	 2115.531213	 -712.091513
delpoints	    0.000000	    0.000000	 2078.419082	 -862.483925
delpoints	    0.000000	    0.000000	 2158.335411	 -860.854133
delpoints	    0.000000	    0.000000	 2037.022874	 -793.362131
delpoints	    0.000000	    0.000000	-1149.833537	 -927.435889
delpoints	    0.000000	    0.000000	-1111.627548	 -911.123233
delpoints	    0.000000	    0.000000	-1021.453077	 -979.215738
delpoints	    0.000000	    0.000000	-1174.921667	 -960.152492
delpoints	    0.000000	    0.000000	-1037.585161	 -941.255009
delpoints	    0.000000	    0.000000	-1089.784361	-1069.558597
delpoints	    0.000000	    0.000000	-1131.103494	-1064.405953
delpoints	    0.000000	    0.000000	-1052.061085	-1053.297572
delpoints	    0.000000	    0.000000	-1179.812599	-1001.416269
delpoints	    0.000000	    0.000000	  931.317537	 -924.914426
delpoints	    0.000000	    0.000000	  879.973254	 -986.092001
delpoints	    0.000000	    0.000000	  972.295220	 -921.529947
delpoints	    0.000000	    0.000000	  897.348833	 -948.479384
delpoints	    0.000000	    0.000000	 1033.383182	 -973.081603
delpoints	    0.000000	    0.000000	  906.826146	-1061.544675
delpoints	    0.000000	    0.000000	 1036.565896	-1014.647661
delpoints	    0.000000	    0.000000	  944.260938	-1079.050782
delpoints	    0.000000	    0.000000	  985.547173	-1075.371030
delpoints	    0.000000	    0.000000	 -256.745572	-1416.280773
delpoints	    0.000000	    0.000000	 -276.431690	-1493.939859
delpoints	    0.000000	    0.000000	 -410.557805	-1460.952429
delpoints	    0.000000	    0.000000	 -411.143566	-1419.312466
delpoints	    0.000000	    0.000000	 -256.385460	-1457.621852
delpoints	    0.000000	    0.000000	 -356.283406	-1361.661299
delpoints	    0.000000	    0.000000	 -314.868777	-1360.906098
delpoints	    0.000000	    0.000000	 -352.890093	-1516.296239
delpoints	    0.000000	    0.000000	 -389.365514	-1496.175010
delpoints	    0.000000	    0.000000	  122.603917	-1494.553977
delpoints	    0.000000	    0.000000	  259.102011	-1473.132530
delpoints	    0.000000	    0.000000	  246.975499	-1394.345509
delpoints	    0.000000	    0.000000	  134.376600	-1382.024520
delpoints	    0.000000	    0.000000	  172.569496	-1365.103721
delpoints	    0.000000	    0.000000	  110.512697	-1415.375414
delpoints	    0.000000	    0.000000	  263.860070	-1431.921812
delpoints	    0.000000	    0.000000	  155.979825	-1519.130928
delpoints	    0.000000	    0.000000	  234.569458	-1506.460860
delpoints	    0.000000	    0.000000	-1777.732029	-1583.674038
delpoints	    0.000000	    0.000000	-1736.490066	-1579.760576
delpoints	    0.000000	    0.000000	-1811.970482	-1607.438630
delpoints	    0.000000	    0.000000	-1672.363372	-1673.046075
delpoints	    0.000000	    0.000000	-1830.114508	-1644.764919
delpoints	    0.000000	    0.000000	-1765.668528	-1737.645325
delpoints	    0.000000	    0.000000	-1724.359277	-1734.103922
delpoints	    0.000000	    0.000000	-1802.926335	-1720.348533
delpoints	    0.000000	    0.000000	-1023.592086	-1595.368304
delpoints	    0.000000	    0.000000	 -944.200569	-1586.664800
delpoints	    0.000000	    0.000000	 -985.500740	-1580.387581
delpoints	    0.000000	    0.000000	-1049.610416	-1627.973131
delpoints	    0.000000	    0.000000	 -903.051554	-1691.634219
delpoints	    0.000000	    0.000000	 -896.555316	-1650.779427
delpoints	    0.000000	    0.000000	-1008.381146	-1733.409098
delpoints	    0.000000	    0.000000	-1040.466343	-1707.908593
delpoints	    0.000000	    0.000000	 -967.737444	-1739.736235
delpoints	    0.000000	    0.000000	  890.125019	-1628.302799
delpoints	    0.000000	    0.000000	  779.088415	-1607.171185
delpoints	    0.000000	    0.000000	  858.746034	-1601.514938
delpoints	    0.000000	    0.000000	  744.355591	-1679.175527
delpoints	    0.000000	    0.000000	  752.214680	-1638.642737
delpoints	    0.000000	    0.000000	  830.053945	-1753.154469
delpoints	    0.000000	    0.000000	  757.937218	-1718.114912
delpoints	    0.000000	    0.000000	  896.157878	-1708.219013
delpoints	    0.000000	    0.000000	  868.992711	-1739.606073
delpoints	    0.000000	    0.000000	 1569.905127	-1603.948492
delpoints	    0.000000	    0.000000	 1610.824624	-1598.777189
delpoints	    0.000000	    0.000000	 1679.335288	-1689.210535
delpoints	    0.000000	    0.000000	 1674.040529	-1647.963623
delpoints	    0.000000	    0.000000	 1520.717632	-1666.749076
delpoints	    0.000000	    0.000000	 1588.986966	-1757.453233
delpoints	    0.000000	    0.000000	 1663.956243	-1727.056724
delpoints	    0.000000	    0.000000	 1551.407160	-1741.213346
delpoints	    0.000000	    0.000000	 1525.950787	-1707.972737
delpoints	    0.000000	    0.000000	 -639.155972	-2257.564871
delpoints	    0.000000	    0.000000	 -598.547452	-2248.984613
delpoints	    0.000000	    0.000000	 -682.535932	-2325.931264
delpoints	    0.000000	    0.000000	 -565.504003	-2400.378688
delpoints	    0.000000	    0.000000	 -645.393494	-2396.966658
delpoints	    0.000000	    0.000000	 -531.474718	-2291.622131
delpoints	    0.000000	    0.000000	 -534.851153	-2372.500959
delpoints	    0.000000	    0.000000	 -559.307591	-2260.999088
delpoints	    0.000000	    0.000000	 -673.597866	-2366.205383
delpoints	    0.000000	    0.000000	  442.064828	-2259.175690
delpoints	    0.000000	    0.000000	  350.814881	-2326.312439
delpoints	    0.000000	    0.000000	  417.938458	-2417.841613
delpoints	    0.000000	    0.000000	  458.871230	-2413.465799
delpoints	    0.000000	    0.000000	  379.983240	-2401.132691
delpoints	    0.000000	    0.000000	  504.439834	-2309.465225
delpoints	    0.000000	    0.000000	  367.621839	-2288.481447
delpoints	    0.000000	    0.000000	  492.492462	-2388.761832
delpoints	    0.000000	    0.000000	  479.984419	-2275.575054
