    P1009 	 2007.791835	204777.869518	  -30.148646	 1949.608460
    P1018 	-10927.283669	182640.978939	 -162.451734	 1729.110211
    P1019 	14912.014406	182753.309392	   97.426496	 1727.208105
    P1020 	40211.754267	183043.928131	  351.920178	 1726.901177
    P1021 	65555.473220	183702.595813	  606.987035	 1729.988715
    P1041 	-113071.200977	138162.382467	-1192.978327	 1290.543460
    P1051 	142259.117989	138340.302653	 1373.814945	 1266.238765
    P1054 	-177345.053745	115488.904867	-1842.048629	 1065.429915
    P1055 	-152223.248293	117741.491487	-1588.391664	 1086.921558
    P1056 	-125760.690406	115371.399470	-1321.795465	 1061.653622
    P1059 	-49278.650096	116668.665827	 -552.693146	 1070.027162
    P1064 	78768.949619	116376.302150	  732.830990	 1055.575866
    P1067 	155467.487934	117210.252429	 1504.507480	 1053.825014
    P1068 	178371.610694	119808.640805	 1735.784134	 1076.080932
    P1071 	-164912.178810	96210.339645	-1717.210443	  870.445127
    P1072 	-138939.434586	95101.175737	-1455.403220	  858.108823
    P1078 	14412.549981	94110.239912	   85.073552	  838.855351
    P1084 	167023.824727	96423.488260	 1618.799773	  845.078525
    P1085 	194023.432572	94775.134099	 1891.001040	  824.527370
    P1102 	181296.412308	71982.180188	 1760.371195	  599.470879
    P1106 	-164382.190958	49065.377424	-1713.873924	  395.591048
    P1110 	-63600.738797	51130.683661	 -700.167987	  412.302254
    P1113 	91815.455081	48667.286366	  858.514815	  377.029513
    P1117 	193363.592357	50109.126012	 1880.230956	  379.664328
    P1119 	-202676.829454	27854.991529	-2101.646944	  183.426407
    P1132 	232258.146406	27710.358982	 2271.449163	  150.507420
    P1136 	-113717.885546	 5387.445070	-1206.153415	  -45.395261
    P1141 	142115.465078	 6286.892046	 1361.106206	  -52.123842
    P1158 	232051.609957	-16371.071256	 2266.660502	 -289.834733
    P1160 	-164276.021590	-38107.116612	-1718.312527	 -480.702971
    P1161 	-138988.078794	-38790.689345	-1463.475126	 -488.413682
    P1167 	91582.584227	-39709.079824	  850.945765	 -508.920312
    P1171 	193576.360410	-39398.165811	 1876.936032	 -515.540084
    P1174 	-177099.314914	-61617.713875	-1849.835469	 -716.267221
    P1175 	-151529.110156	-61029.147778	-1591.733922	 -711.282551
    P1176 	-126650.287325	-60362.528813	-1341.011960	 -705.482718
    P1191 	-189953.240089	-83471.321456	-1982.039228	 -934.989730
    P1192 	-164758.325479	-82797.151171	-1727.352756	 -929.246567
    P1193 	-138466.856221	-83677.870474	-1462.221597	 -939.123500
    P1194 	-113494.678225	-83339.065718	-1210.655835	 -936.708015
    P1196 	-62213.024225	-83360.285899	 -695.031861	 -939.029708
    P1197 	-36673.369427	-82990.803082	 -438.534703	 -936.452862
    P1198 	-10331.727068	-84887.389922	 -174.291869	 -956.787559
    P1199 	15105.026670	-83638.797172	   81.032378	 -945.566503
    P1200 	40187.227808	-82588.328041	  332.768184	 -936.444408
    P1201 	65932.307830	-83516.989789	  591.087457	 -947.423045
    P1202 	91569.968476	-83341.847360	  848.517215	 -947.471228
    P1204 	143219.882490	-84959.065959	 1367.675164	 -968.026710
    P1205 	167876.570358	-83222.310256	 1616.039448	 -952.943708
    P1206 	193238.067072	-82997.780593	 1871.799823	 -953.407314
    P1207 	219018.518894	-82478.732870	 2132.239554	 -951.252256
    P1208 	-177193.195267	-104895.468287	-1855.526197	-1150.353562
    P1209 	-151481.456715	-105395.376808	-1595.846411	-1156.519598
    P1210 	-125569.224774	-106498.379156	-1334.636585	-1168.731166
    P1211 	-100921.246516	-105196.108362	-1086.257789	-1156.740173
    P1212 	-74830.442470	-105876.588093	 -823.855806	-1164.745595
    P1213 	-49228.902441	-106189.952660	 -566.568327	-1169.089386
    P1214 	-23720.241941	-105215.477495	 -310.270460	-1160.544956
    P1215 	 1629.643841	-104902.886675	  -55.733315	-1158.732592
    P1216 	26936.813813	-103878.937437	  198.380287	-1149.866069
    P1217 	52936.442498	-105800.272333	  459.266736	-1170.820602
    P1218 	78838.055291	-105625.913961	  719.401808	-1170.837207
    P1219 	104762.998012	-107093.115140	  979.838228	-1187.573404
    P1220 	130005.165681	-105818.656147	 1233.768508	-1176.844486
    P1221 	155519.664539	-107191.826375	 1490.592833	-1193.033440
    P1222 	181060.533175	-105881.367293	 1748.133519	-1182.437147
    P1223 	206726.108079	-106534.869571	 2007.272398	-1191.915923
    P1224 	-164094.545060	-128309.295074	-1726.145236	-1385.728246
    P1225 	-140336.126288	-126382.299648	-1485.919137	-1367.596245
    P1226 	-113546.890885	-127460.727398	-1215.883172	-1379.740718
    P1227 	-87600.294627	-128551.154059	 -954.677621	-1391.979083
    P1228 	-62558.964617	-127027.420694	 -702.563192	-1377.926387
    P1229 	-36642.321833	-127249.472672	 -442.037452	-1381.506703
    P1231 	14706.613889	-128169.094560	   73.759329	-1393.665816
    P1233 	65234.045666	-126459.775196	  581.453644	-1379.744041
    P1234 	91486.615963	-128305.921447	  845.203921	-1400.298350
    P1235 	117210.297856	-127970.969444	 1103.958759	-1399.015645
    P1236 	142531.178099	-127672.394344	 1358.896984	-1398.267713
    P1237 	167803.801916	-126727.293105	 1613.670917	-1391.214720
    P1238 	193806.789427	-128535.792724	 1876.094004	-1412.274533
    P1240 	-140316.640036	-153340.908301	-1489.402386	-1638.052477
    P1241 	-100450.420755	-149649.191368	-1086.642385	-1603.256762
    P1243 	-51047.737735	-147631.672959	 -588.969762	-1585.747635
    P1244 	-24631.965076	-147906.411810	 -323.329711	-1590.046645
    P1245 	 1811.637180	-149110.681095	  -57.609568	-1603.788019
    P1246 	26936.449210	-149829.365528	  194.867395	-1612.660324
    P1247 	53029.567335	-149963.791173	  457.151119	-1615.828285
    P1248 	78203.887979	-149693.063611	  710.307628	-1614.980827
    P1250 	129412.602114	-149042.082111	 1225.757569	-1612.738866
    P1251 	155635.615340	-150117.371970	 1490.035736	-1626.128039
    P1253 	-112990.530364	-172824.634217	-1216.348146	-1835.259087
    P1254 	-88057.118800	-170654.951994	 -964.511250	-1815.044824
    P1255 	-62830.070313	-169826.202412	 -710.194400	-1808.300892
    P1256 	-35531.185541	-173515.958975	 -435.774819	-1847.194567
    P1257 	-10722.243316	-172028.140978	 -185.937767	-1833.863908
    P1258 	15362.378604	-174158.650845	   76.273817	-1857.155684
    P1259 	39606.097742	-170911.145147	  320.463597	-1826.164426
    P1260 	66239.292871	-171769.687521	  588.356751	-1836.886024
    P1261 	90582.527755	-170984.681729	  833.442676	-1830.967298
    P1262 	116844.786475	-171706.818945	 1097.920046	-1840.599976
    P1263 	142717.120150	-173357.686492	 1358.686278	-1859.794066
    P1264 	-74435.168089	-195018.248965	 -830.631782	-2060.916765
    P1265 	-48598.730578	-196317.760087	 -570.310715	-2075.877519
    P1266 	-24620.739631	-191878.442069	 -328.141842	-2032.916041
    P1267 	 2074.724355	-194748.454255	  -59.644340	-2063.850739
    P1268 	27273.643383	-193878.074364	  194.177342	-2057.033562
    P1269 	53235.652925	-194502.013452	  455.539991	-2065.457084
    P1270 	79099.294515	-195166.270715	  716.002244	-2074.411776
    P1271 	104076.878908	-194180.161438	  967.806273	-2066.733846
    P1273 	-9985.749433	-218406.956843	 -184.084494	-2301.577313
    P1274 	   48.217557	-221355.724339	  -83.308170	-2332.202212
    P1275 	40013.130955	-216597.170485	  320.127234	-2287.645976
    Q1001 	-51043.340235	221738.971440	 -562.792123	 2126.680585
    Q1005 	50749.253683	222029.107817	  462.780754	 2115.216271
    Q1025 	-166306.004318	155072.904203	-1729.236137	 1464.489739
    Q1028 	-89652.544281	154926.745037	 -956.355476	 1457.793266
    Q1035 	89397.941570	155797.242816	  843.652382	 1447.991052
    Q1038 	165927.396319	156548.095566	 1614.856269	 1443.408648
    Q1045 	-25548.487876	133083.706156	 -313.308693	 1233.094719
    Q1047 	25778.503290	132931.843768	  202.084549	 1226.880611
    Q1074 	-102469.528431	88548.739358	-1088.669009	  790.403606
    Q1082 	102268.675730	88690.714762	  966.515075	  776.245319
    Q1087 	-217558.248035	66620.216789	-2250.440594	  574.238665
    Q1094 	-38309.525768	66091.641381	 -445.550552	  561.274234
    Q1097 	38498.859114	66444.807227	  324.794128	  559.648883
    Q1104 	217156.679155	67070.729825	 2121.970166	  545.093806
    Q1108 	-127942.933153	44702.508388	-1347.036963	  350.385244
    Q1115 	127717.681382	44561.158971	 1218.845070	  332.360339
    Q1134 	-179593.369243	  -19.877876	-1870.090141	  -97.591678
    Q1138 	-76676.984364	  -36.388354	 -834.340457	 -101.260819
    Q1139 	76903.024362	  -77.751094	  705.836213	 -110.108052
    Q1143 	179507.208554	   96.529398	 1737.119349	 -118.225725
    Q1162 	-127824.345383	-44147.304538	-1351.490374	 -542.594326
    Q1169 	127989.350018	-44488.748421	 1216.375619	 -559.902416
    Q1173 	-217675.302604	-66422.596688	-2260.851642	 -762.919997
    Q1180 	-38432.932975	-66292.515666	 -454.933787	 -768.535342
    Q1183 	38066.920846	-66679.151846	  312.476736	 -776.337849
    Q1190 	217478.806670	-66697.557428	 2117.190728	 -792.442619
    Q1195 	-102490.264085	-88664.963404	-1100.414546	 -990.639225
    Q1203 	102532.342681	-88523.232641	  958.374839	-1000.440277
    Q1230 	-25791.197455	-132879.733618	 -333.517765	-1438.743294
    Q1232 	25831.176523	-133155.137537	  185.112850	-1444.571850
    Q1239 	-166155.804762	-155571.473962	-1750.999750	-1658.882903
    Q1242 	-89416.798747	-155243.083805	 -976.167400	-1660.082591
    Q1249 	89566.101468	-155408.346244	  824.238266	-1673.569149
    Q1252 	166598.288053	-155174.987597	 1600.452361	-1678.372571
    Q1272 	-51395.233310	-221485.909131	 -602.213478	-2329.127310
    Q1276 	51123.086080	-221624.214762	  431.595406	-2339.505690
nouse	-191947.649433	-21708.637963	-1996.410065	 -315.111399
nouse	-64547.381266	-21989.356086	 -713.960023	 -322.297118
nouse	102521.230802	 -342.122912	  962.913335	 -114.823904
nouse	166583.483207	-21968.544809	 1605.742953	 -337.753103
nouse	-102715.551153	-44402.519419	-1098.921476	 -546.040728
nouse	115463.772356	-22657.506353	 1091.643137	 -339.710236
nouse	-204686.642444	-44359.038421	-2127.128841	 -542.085876
nouse	-64136.213548	-66169.845061	 -712.963612	 -766.206197
nouse	63992.519354	-66207.826780	  572.609953	 -773.223708
nouse	204897.092377	-44837.631548	 1990.940981	 -571.455248
nouse	-89605.421031	-66643.719869	 -968.889939	 -769.952094
nouse	89760.785023	-67108.429289	  831.207744	 -784.079431
nouse	192105.391130	-22259.867317	 1862.912757	 -343.576240
nouse	191856.009107	-66488.235915	 1858.458420	 -787.278961
nouse	140657.888963	-66563.780047	 1342.714891	 -782.802528
nouse	140969.881864	-22552.180332	 1347.983634	 -340.987025
nouse	204597.221137	  422.748977	 1990.171465	 -118.095626
nouse	153690.674861	 -446.886518	 1477.143595	 -120.763006
nouse	153230.118550	-44834.200189	 1470.208410	 -565.731543
nouse	51016.897224	-43989.944226	  443.703249	 -549.106752
nouse	-76836.562509	-43876.330464	 -838.841254	 -541.713622
nouse	-102405.407840	  644.789784	-1092.728347	  -93.456842
nouse	-204763.812505	  115.670699	-2124.425664	  -95.433637
nouse	-153561.978102	 -568.041065	-1607.573927	 -103.926213
nouse	-10118.128921	-59705.912150	 -170.386715	 -703.651666
nouse	12805.781322	-66683.487924	   59.089410	 -774.958170
nouse	-51515.845117	-44295.907504	 -584.666034	 -546.937869
nouse	166626.573400	-67035.001027	 1604.101106	 -790.054993
nouse	-115116.139524	-66350.457279	-1225.432575	 -766.038806
nouse	-217578.151613	-21521.843260	-2255.698737	 -312.389179
nouse	-166197.277094	-21751.868194	-1736.423088	 -316.376476
nouse	-140766.210019	-22205.235663	-1480.139620	 -321.755112
nouse	-115095.516026	-22459.771978	-1221.812714	 -325.170479
nouse	115432.071206	-66677.343470	 1089.087129	 -781.749357
nouse	-89451.853771	-22439.953023	 -964.061580	 -325.877029
nouse	64188.063844	-22576.536677	  577.016759	 -334.934733
nouse	89432.832738	-22772.398902	  830.282982	 -338.737781
nouse	102325.347804	-44299.797849	  958.558275	 -555.854341
delpoints	    0.000000	    0.000000	 -563.779009	 2046.884145
delpoints	    0.000000	    0.000000	 -524.128497	 2056.731504
delpoints	    0.000000	    0.000000	 -603.548545	 2057.880487
delpoints	    0.000000	    0.000000	 -482.922145	 2125.165189
delpoints	    0.000000	    0.000000	 -642.761428	 2128.242960
delpoints	    0.000000	    0.000000	 -493.030975	 2165.361518
delpoints	    0.000000	    0.000000	 -630.939987	 2167.748653
delpoints	    0.000000	    0.000000	 -601.730891	 2196.542568
delpoints	    0.000000	    0.000000	 -561.571126	 2206.710975
delpoints	    0.000000	    0.000000	  474.171477	 2035.709471
delpoints	    0.000000	    0.000000	  433.371027	 2040.726914
delpoints	    0.000000	    0.000000	  512.281760	 2052.497529
delpoints	    0.000000	    0.000000	  383.942062	 2103.398283
delpoints	    0.000000	    0.000000	  541.703928	 2127.206545
delpoints	    0.000000	    0.000000	  388.458463	 2144.623145
delpoints	    0.000000	    0.000000	  525.321196	 2165.184596
delpoints	    0.000000	    0.000000	  413.211871	 2178.343348
delpoints	    0.000000	    0.000000	  451.064230	 2194.445889
delpoints	    0.000000	    0.000000	-1747.259316	 1386.682557
delpoints	    0.000000	    0.000000	-1705.928270	 1387.888765
delpoints	    0.000000	    0.000000	-1784.015113	 1405.919019
delpoints	    0.000000	    0.000000	-1650.869176	 1446.077224
delpoints	    0.000000	    0.000000	-1807.324374	 1482.705271
delpoints	    0.000000	    0.000000	-1652.705572	 1487.422003
delpoints	    0.000000	    0.000000	-1787.895697	 1519.345810
delpoints	    0.000000	    0.000000	-1752.313770	 1540.978024
delpoints	    0.000000	    0.000000	-1711.151260	 1542.521581
delpoints	    0.000000	    0.000000	 -939.907375	 1379.934062
delpoints	    0.000000	    0.000000	 -903.158615	 1398.022870
delpoints	    0.000000	    0.000000	-1015.914107	 1404.631295
delpoints	    0.000000	    0.000000	-1034.508047	 1441.581494
delpoints	    0.000000	    0.000000	 -878.395956	 1473.778443
delpoints	    0.000000	    0.000000	-1032.170191	 1482.612178
delpoints	    0.000000	    0.000000	 -896.817859	 1511.126907
delpoints	    0.000000	    0.000000	 -931.440770	 1533.638670
delpoints	    0.000000	    0.000000	 -972.609810	 1535.809810
delpoints	    0.000000	    0.000000	  869.621706	 1372.731909
delpoints	    0.000000	    0.000000	  791.289950	 1387.401332
delpoints	    0.000000	    0.000000	  904.189624	 1395.757818
delpoints	    0.000000	    0.000000	  768.360912	 1421.469310
delpoints	    0.000000	    0.000000	  922.219099	 1433.467254
delpoints	    0.000000	    0.000000	  918.947883	 1474.583243
delpoints	    0.000000	    0.000000	  783.315996	 1500.138777
delpoints	    0.000000	    0.000000	  817.252961	 1523.375121
delpoints	    0.000000	    0.000000	  858.180721	 1526.577994
delpoints	    0.000000	    0.000000	 1618.436912	 1363.494081
delpoints	    0.000000	    0.000000	 1577.925350	 1372.347017
delpoints	    0.000000	    0.000000	 1658.085394	 1376.036043
delpoints	    0.000000	    0.000000	 1534.738380	 1439.385052
delpoints	    0.000000	    0.000000	 1694.911031	 1447.396818
delpoints	    0.000000	    0.000000	 1543.783145	 1480.198673
delpoints	    0.000000	    0.000000	 1682.242882	 1486.780837
delpoints	    0.000000	    0.000000	 1571.472969	 1510.742507
delpoints	    0.000000	    0.000000	 1611.181170	 1523.275171
delpoints	    0.000000	    0.000000	 -301.071061	 1154.102985
delpoints	    0.000000	    0.000000	 -342.125452	 1158.513744
delpoints	    0.000000	    0.000000	 -263.368654	 1170.687406
delpoints	    0.000000	    0.000000	 -392.032755	 1221.020005
delpoints	    0.000000	    0.000000	 -234.519969	 1244.833450
delpoints	    0.000000	    0.000000	 -387.762732	 1262.113768
delpoints	    0.000000	    0.000000	 -250.750573	 1282.900346
delpoints	    0.000000	    0.000000	 -363.058846	 1295.706991
delpoints	    0.000000	    0.000000	 -325.430657	 1312.074400
delpoints	    0.000000	    0.000000	  207.462435	 1147.236068
delpoints	    0.000000	    0.000000	  246.268774	 1160.532708
delpoints	    0.000000	    0.000000	  135.651308	 1182.404973
delpoints	    0.000000	    0.000000	  122.598188	 1221.574266
delpoints	    0.000000	    0.000000	  281.794430	 1231.572553
delpoints	    0.000000	    0.000000	  130.466923	 1262.268883
delpoints	    0.000000	    0.000000	  237.624977	 1298.444172
delpoints	    0.000000	    0.000000	  197.172359	 1306.422756
delpoints	    0.000000	    0.000000	-1092.615579	  710.805976
delpoints	    0.000000	    0.000000	-1132.061547	  723.306084
delpoints	    0.000000	    0.000000	-1021.711961	  746.841930
delpoints	    0.000000	    0.000000	-1008.704516	  785.928885
delpoints	    0.000000	    0.000000	-1168.685718	  794.713180
delpoints	    0.000000	    0.000000	-1017.082305	  826.455510
delpoints	    0.000000	    0.000000	-1155.430982	  834.094524
delpoints	    0.000000	    0.000000	-1044.823981	  856.703677
delpoints	    0.000000	    0.000000	-1124.518280	  861.909050
delpoints	    0.000000	    0.000000	 1004.264115	  705.616517
delpoints	    0.000000	    0.000000	  924.172368	  708.620137
delpoints	    0.000000	    0.000000	 1034.367867	  734.068481
delpoints	    0.000000	    0.000000	  896.117396	  738.445885
delpoints	    0.000000	    0.000000	 1046.168316	  773.721210
delpoints	    0.000000	    0.000000	  886.639430	  778.743704
delpoints	    0.000000	    0.000000	  898.707698	  818.461880
delpoints	    0.000000	    0.000000	 1008.626595	  844.294071
delpoints	    0.000000	    0.000000	  968.882500	  856.077546
delpoints	    0.000000	    0.000000	-2233.900660	  496.087841
delpoints	    0.000000	    0.000000	-2275.259436	  498.202958
delpoints	    0.000000	    0.000000	-2310.464391	  520.683599
delpoints	    0.000000	    0.000000	-2174.307911	  549.438076
delpoints	    0.000000	    0.000000	-2171.633314	  590.838485
delpoints	    0.000000	    0.000000	-2326.676335	  598.978518
delpoints	    0.000000	    0.000000	-2304.082666	  633.714355
delpoints	    0.000000	    0.000000	-2225.726459	  650.125517
delpoints	    0.000000	    0.000000	-2267.201337	  652.648291
delpoints	    0.000000	    0.000000	 -445.941274	  481.394565
delpoints	    0.000000	    0.000000	 -406.253060	  492.201269
delpoints	    0.000000	    0.000000	 -515.027061	  521.801970
delpoints	    0.000000	    0.000000	 -365.965934	  560.462569
delpoints	    0.000000	    0.000000	 -524.856853	  561.792148
delpoints	    0.000000	    0.000000	 -376.269425	  600.389910
delpoints	    0.000000	    0.000000	 -514.198351	  601.549497
delpoints	    0.000000	    0.000000	 -405.057240	  630.002638
delpoints	    0.000000	    0.000000	 -444.896182	  641.097953
delpoints	    0.000000	    0.000000	  331.203360	  480.086075
delpoints	    0.000000	    0.000000	  290.425543	  487.872608
delpoints	    0.000000	    0.000000	  369.758072	  493.545077
delpoints	    0.000000	    0.000000	  244.846772	  553.325901
delpoints	    0.000000	    0.000000	  404.725754	  565.666258
delpoints	    0.000000	    0.000000	  252.753196	  594.245798
delpoints	    0.000000	    0.000000	  390.602863	  604.485650
delpoints	    0.000000	    0.000000	  279.772441	  625.364753
delpoints	    0.000000	    0.000000	  318.803230	  639.339418
delpoints	    0.000000	    0.000000	 2087.267204	  473.280968
delpoints	    0.000000	    0.000000	 2167.691532	  479.640155
delpoints	    0.000000	    0.000000	 2056.080801	  499.648205
delpoints	    0.000000	    0.000000	 2194.321986	  510.669644
delpoints	    0.000000	    0.000000	 2042.142267	  539.105785
delpoints	    0.000000	    0.000000	 2202.028622	  551.653581
delpoints	    0.000000	    0.000000	 2049.334491	  579.496314
delpoints	    0.000000	    0.000000	 2156.468130	  617.124539
delpoints	    0.000000	    0.000000	 2115.652458	  624.506372
delpoints	    0.000000	    0.000000	-1306.952475	  281.242497
delpoints	    0.000000	    0.000000	-1387.072191	  281.279130
delpoints	    0.000000	    0.000000	-1416.098524	  310.265523
delpoints	    0.000000	    0.000000	-1277.866409	  310.742940
delpoints	    0.000000	    0.000000	-1426.813036	  350.106602
delpoints	    0.000000	    0.000000	-1267.163859	  350.874170
delpoints	    0.000000	    0.000000	-1416.204315	  390.064496
delpoints	    0.000000	    0.000000	-1307.357861	  419.469589
delpoints	    0.000000	    0.000000	-1347.425762	  430.471886
delpoints	    0.000000	    0.000000	 1221.958668	  252.921163
delpoints	    0.000000	    0.000000	 1261.435168	  264.878667
delpoints	    0.000000	    0.000000	 1151.189138	  289.683988
delpoints	    0.000000	    0.000000	 1289.667034	  295.159934
delpoints	    0.000000	    0.000000	 1138.718237	  329.132999
delpoints	    0.000000	    0.000000	 1298.724624	  335.988817
delpoints	    0.000000	    0.000000	 1176.193305	  399.570499
delpoints	    0.000000	    0.000000	 1256.090132	  403.292837
delpoints	    0.000000	    0.000000	 1215.869764	  411.885860
delpoints	    0.000000	    0.000000	-1877.845758	 -177.082842
delpoints	    0.000000	    0.000000	-1837.136826	 -170.371773
delpoints	    0.000000	    0.000000	-1916.558580	 -162.869620
delpoints	    0.000000	    0.000000	-1790.299990	 -105.097081
delpoints	    0.000000	    0.000000	-1949.786986	  -90.104531
delpoints	    0.000000	    0.000000	-1797.034376	  -64.475233
delpoints	    0.000000	    0.000000	-1935.502863	  -51.023497
delpoints	    0.000000	    0.000000	-1903.602044	  -25.134529
delpoints	    0.000000	    0.000000	-1862.490900	  -18.174484
delpoints	    0.000000	    0.000000	 -862.521033	 -175.679845
delpoints	    0.000000	    0.000000	 -784.073908	 -163.420001
delpoints	    0.000000	    0.000000	 -896.204757	 -151.988243
delpoints	    0.000000	    0.000000	 -759.634313	 -129.287932
delpoints	    0.000000	    0.000000	 -755.407679	  -88.823104
delpoints	    0.000000	    0.000000	 -909.042451	  -73.064873
delpoints	    0.000000	    0.000000	 -772.458097	  -51.037848
delpoints	    0.000000	    0.000000	 -884.918854	  -39.628576
delpoints	    0.000000	    0.000000	 -846.818974	  -22.322336
delpoints	    0.000000	    0.000000	  687.187786	 -187.677643
delpoints	    0.000000	    0.000000	  728.615740	 -186.502685
delpoints	    0.000000	    0.000000	  629.249497	 -132.840217
delpoints	    0.000000	    0.000000	  783.582906	 -128.421372
delpoints	    0.000000	    0.000000	  628.194959	  -91.550649
delpoints	    0.000000	    0.000000	  782.164322	  -87.023419
delpoints	    0.000000	    0.000000	  647.679752	  -55.575076
delpoints	    0.000000	    0.000000	  760.894812	  -52.190827
delpoints	    0.000000	    0.000000	  724.656916	  -32.638818
delpoints	    0.000000	    0.000000	 1749.150505	 -197.114615
delpoints	    0.000000	    0.000000	 1707.832190	 -192.672472
delpoints	    0.000000	    0.000000	 1787.272763	 -180.544571
delpoints	    0.000000	    0.000000	 1658.043036	 -130.214561
delpoints	    0.000000	    0.000000	 1816.532911	 -106.590806
delpoints	    0.000000	    0.000000	 1662.489386	  -88.862099
delpoints	    0.000000	    0.000000	 1799.600136	  -68.473062
delpoints	    0.000000	    0.000000	 1687.012642	  -55.896380
delpoints	    0.000000	    0.000000	 1725.153629	  -39.344672
delpoints	    0.000000	    0.000000	-1381.142649	 -616.941431
delpoints	    0.000000	    0.000000	-1302.251195	 -605.323673
delpoints	    0.000000	    0.000000	-1414.692890	 -591.732035
delpoints	    0.000000	    0.000000	-1277.221105	 -572.264437
delpoints	    0.000000	    0.000000	-1430.560452	 -554.414662
delpoints	    0.000000	    0.000000	-1288.488966	 -492.966790
delpoints	    0.000000	    0.000000	-1401.060663	 -479.828320
delpoints	    0.000000	    0.000000	-1321.860269	 -468.312828
delpoints	    0.000000	    0.000000	-1362.816129	 -463.647476
delpoints	    0.000000	    0.000000	 1219.954276	 -639.786679
delpoints	    0.000000	    0.000000	 1179.650565	 -630.580401
delpoints	    0.000000	    0.000000	 1259.686334	 -627.296706
delpoints	    0.000000	    0.000000	 1136.362016	 -563.263714
delpoints	    0.000000	    0.000000	 1295.980874	 -556.313563
delpoints	    0.000000	    0.000000	 1145.775206	 -522.814336
delpoints	    0.000000	    0.000000	 1283.781288	 -516.892655
delpoints	    0.000000	    0.000000	 1173.602730	 -492.383819
delpoints	    0.000000	    0.000000	 1213.102291	 -480.014568
delpoints	    0.000000	    0.000000	-2331.519706	 -725.194890
delpoints	    0.000000	    0.000000	-2192.573437	 -721.009389
delpoints	    0.000000	    0.000000	-2302.498147	 -694.939794
delpoints	    0.000000	    0.000000	-2262.840093	 -682.803601
delpoints	    0.000000	    0.000000	-2341.079147	 -765.529641
delpoints	    0.000000	    0.000000	-2180.639846	 -760.563140
delpoints	    0.000000	    0.000000	-2258.937793	 -842.734529
delpoints	    0.000000	    0.000000	-2299.042261	 -833.500637
delpoints	    0.000000	    0.000000	-2218.839022	 -830.928847
delpoints	    0.000000	    0.000000	 -508.301319	 -709.079465
delpoints	    0.000000	    0.000000	 -471.202721	 -690.676978
delpoints	    0.000000	    0.000000	 -530.776322	 -744.082241
delpoints	    0.000000	    0.000000	 -376.973477	 -751.866284
delpoints	    0.000000	    0.000000	 -479.402399	 -844.577143
delpoints	    0.000000	    0.000000	 -395.432002	 -715.109446
delpoints	    0.000000	    0.000000	 -401.658451	 -827.924879
delpoints	    0.000000	    0.000000	 -514.132063	 -821.837098
delpoints	    0.000000	    0.000000	 -379.368079	 -793.377517
delpoints	    0.000000	    0.000000	  233.934810	 -791.466713
delpoints	    0.000000	    0.000000	  372.983934	 -724.232285
delpoints	    0.000000	    0.000000	  390.987713	 -761.472321
delpoints	    0.000000	    0.000000	  260.350120	 -716.026129
delpoints	    0.000000	    0.000000	  364.439035	 -836.657408
delpoints	    0.000000	    0.000000	  297.621146	 -698.202852
delpoints	    0.000000	    0.000000	  237.105590	 -750.156744
delpoints	    0.000000	    0.000000	  327.705892	 -854.689067
delpoints	    0.000000	    0.000000	  286.179210	 -851.472123
delpoints	    0.000000	    0.000000	 2115.656492	 -712.311230
delpoints	    0.000000	    0.000000	 2047.276116	 -753.535516
delpoints	    0.000000	    0.000000	 2185.700660	 -751.099921
delpoints	    0.000000	    0.000000	 2197.338252	 -790.918368
delpoints	    0.000000	    0.000000	 2118.795162	 -872.529674
delpoints	    0.000000	    0.000000	 2078.474038	 -862.633419
delpoints	    0.000000	    0.000000	 2037.116858	 -793.504936
delpoints	    0.000000	    0.000000	 2158.422611	 -861.047089
delpoints	    0.000000	    0.000000	 2075.754581	 -723.833239
delpoints	    0.000000	    0.000000	-1149.443073	 -927.715080
delpoints	    0.000000	    0.000000	-1174.557228	 -960.470128
delpoints	    0.000000	    0.000000	-1037.276868	 -941.572382
delpoints	    0.000000	    0.000000	-1111.290997	 -911.488586
delpoints	    0.000000	    0.000000	-1089.493737	-1069.855759
delpoints	    0.000000	    0.000000	-1130.771695	-1064.727497
delpoints	    0.000000	    0.000000	-1051.688732	-1053.633122
delpoints	    0.000000	    0.000000	-1179.459491	-1001.702996
delpoints	    0.000000	    0.000000	-1021.158753	 -979.527895
delpoints	    0.000000	    0.000000	  931.462938	 -925.076532
delpoints	    0.000000	    0.000000	  972.448656	 -921.743062
delpoints	    0.000000	    0.000000	  897.548074	 -948.650494
delpoints	    0.000000	    0.000000	  906.970626	-1061.716009
delpoints	    0.000000	    0.000000	 1036.724978	-1014.819843
delpoints	    0.000000	    0.000000	  880.080316	 -986.288795
delpoints	    0.000000	    0.000000	 1033.532974	 -973.273651
delpoints	    0.000000	    0.000000	  944.386864	-1079.205194
delpoints	    0.000000	    0.000000	  985.673532	-1075.522412
delpoints	    0.000000	    0.000000	 -276.187139	-1494.130941
delpoints	    0.000000	    0.000000	 -410.278183	-1461.175865
delpoints	    0.000000	    0.000000	 -256.109702	-1457.885827
delpoints	    0.000000	    0.000000	 -355.930731	-1361.906452
delpoints	    0.000000	    0.000000	 -410.807143	-1419.500364
delpoints	    0.000000	    0.000000	 -314.503107	-1361.183047
delpoints	    0.000000	    0.000000	 -256.436611	-1416.517656
delpoints	    0.000000	    0.000000	 -352.545804	-1516.511404
delpoints	    0.000000	    0.000000	 -389.064834	-1496.408348
delpoints	    0.000000	    0.000000	  134.751443	-1382.320706
delpoints	    0.000000	    0.000000	  122.999095	-1494.851317
delpoints	    0.000000	    0.000000	  259.504032	-1473.426436
delpoints	    0.000000	    0.000000	  247.391562	-1394.593320
delpoints	    0.000000	    0.000000	  264.330594	-1432.250675
delpoints	    0.000000	    0.000000	  172.995154	-1365.436073
delpoints	    0.000000	    0.000000	  110.879648	-1415.723072
delpoints	    0.000000	    0.000000	  156.339234	-1519.486162
delpoints	    0.000000	    0.000000	  234.971417	-1506.846202
delpoints	    0.000000	    0.000000	-1811.716384	-1607.396549
delpoints	    0.000000	    0.000000	-1777.560492	-1583.646656
delpoints	    0.000000	    0.000000	-1736.322185	-1579.750469
delpoints	    0.000000	    0.000000	-1672.251461	-1673.004901
delpoints	    0.000000	    0.000000	-1829.989801	-1644.737520
delpoints	    0.000000	    0.000000	-1765.439373	-1737.587038
delpoints	    0.000000	    0.000000	-1724.274000	-1734.085155
delpoints	    0.000000	    0.000000	-1802.674555	-1720.351845
delpoints	    0.000000	    0.000000	 -944.143002	-1586.748556
delpoints	    0.000000	    0.000000	 -985.405771	-1580.417630
delpoints	    0.000000	    0.000000	-1023.414023	-1595.445136
delpoints	    0.000000	    0.000000	 -902.902862	-1691.739765
delpoints	    0.000000	    0.000000	-1049.464807	-1628.047221
delpoints	    0.000000	    0.000000	 -896.434783	-1650.817665
delpoints	    0.000000	    0.000000	-1008.271713	-1733.434722
delpoints	    0.000000	    0.000000	-1040.394640	-1707.945814
delpoints	    0.000000	    0.000000	 -967.625614	-1739.847632
delpoints	    0.000000	    0.000000	  779.220829	-1607.380133
delpoints	    0.000000	    0.000000	  858.842207	-1601.673010
delpoints	    0.000000	    0.000000	  890.216319	-1628.419674
delpoints	    0.000000	    0.000000	  744.516876	-1679.252266
delpoints	    0.000000	    0.000000	  752.268455	-1638.738125
delpoints	    0.000000	    0.000000	  830.101245	-1753.243689
delpoints	    0.000000	    0.000000	  758.011438	-1718.248946
delpoints	    0.000000	    0.000000	  896.291963	-1708.384649
delpoints	    0.000000	    0.000000	  869.042097	-1739.783881
delpoints	    0.000000	    0.000000	 1570.123714	-1604.203115
delpoints	    0.000000	    0.000000	 1611.070387	-1599.055847
delpoints	    0.000000	    0.000000	 1679.607487	-1689.454095
delpoints	    0.000000	    0.000000	 1521.060471	-1667.064443
delpoints	    0.000000	    0.000000	 1674.367278	-1648.247655
delpoints	    0.000000	    0.000000	 1589.316980	-1757.684932
delpoints	    0.000000	    0.000000	 1664.210638	-1727.347702
delpoints	    0.000000	    0.000000	 1551.714459	-1741.498070
delpoints	    0.000000	    0.000000	 1526.258908	-1708.251331
delpoints	    0.000000	    0.000000	 -638.970440	-2257.647402
delpoints	    0.000000	    0.000000	 -598.420016	-2249.033824
delpoints	    0.000000	    0.000000	 -682.384891	-2325.976449
delpoints	    0.000000	    0.000000	 -565.326250	-2400.446469
delpoints	    0.000000	    0.000000	 -531.287917	-2291.694542
delpoints	    0.000000	    0.000000	 -645.306261	-2397.025708
delpoints	    0.000000	    0.000000	 -534.661115	-2372.567796
delpoints	    0.000000	    0.000000	 -559.166745	-2261.023740
delpoints	    0.000000	    0.000000	 -673.454059	-2366.245865
delpoints	    0.000000	    0.000000	  443.573782	-2260.128980
delpoints	    0.000000	    0.000000	  352.413180	-2327.254884
delpoints	    0.000000	    0.000000	  419.439182	-2418.769407
delpoints	    0.000000	    0.000000	  505.992599	-2310.490289
delpoints	    0.000000	    0.000000	  460.449537	-2414.389770
delpoints	    0.000000	    0.000000	  381.513992	-2402.131985
delpoints	    0.000000	    0.000000	  369.109163	-2289.546076
delpoints	    0.000000	    0.000000	  494.023860	-2389.670367
delpoints	    0.000000	    0.000000	  481.564483	-2276.513177
