    P1009 	-1215.394754	207382.385792	  -62.196989	 1976.385145
    P1018 	-14193.140664	185174.177524	 -194.959797	 1755.136942
    P1019 	11627.227081	185276.214835	   64.723439	 1753.143636
    P1020 	36866.978937	185457.214231	  318.588584	 1751.759799
    P1021 	62151.501988	185995.712906	  573.021336	 1753.672808
    P1041 	-116343.754784	140697.048775	-1225.708036	 1316.528430
    P1051 	139053.885018	140976.084332	 1341.830412	 1293.240258
    P1054 	-180513.939401	118048.513728	-1873.915732	 1091.654500
    P1055 	-155750.778912	119898.093156	-1623.818196	 1109.095186
    P1056 	-128913.129294	118034.823445	-1353.352137	 1088.907946
    P1059 	-52711.447531	119021.859021	 -586.945868	 1094.160855
    P1064 	75504.783405	118825.617437	  700.324053	 1080.658836
    P1067 	152080.515891	119592.897459	 1470.674073	 1078.287057
    P1068 	175680.078022	120765.123689	 1708.757538	 1086.263140
    P1071 	-168464.358189	98336.074796	-1752.930627	  892.287278
    P1072 	-142445.148975	97470.310549	-1490.568043	  882.394981
    P1078 	11187.119229	96352.560001	   52.957911	  861.822184
    P1084 	163445.578373	98499.841175	 1583.020994	  866.476088
    P1085 	190717.777873	97277.497256	 1857.965579	  850.139771
    P1102 	178189.489151	74679.705193	 1729.408467	  626.954765
    P1106 	-167435.016767	51875.985665	-1744.499424	  424.245684
    P1110 	-67014.917329	52826.237041	 -734.261867	  429.739367
    P1113 	88636.152949	51334.017782	  826.922128	  404.182781
    P1117 	189978.124653	52603.506309	 1846.437542	  405.143125
    P1119 	-205950.402309	30366.365928	-2134.609394	  209.045893
    P1132 	229063.228469	30288.669369	 2239.510950	  176.807516
    P1136 	-116832.056391	 7699.058889	-1237.252636	  -21.829488
    P1141 	138687.763377	 8596.263026	 1326.954366	  -28.529005
    P1158 	228685.330128	-13843.501804	 2232.939461	 -263.982551
    P1160 	-167590.910817	-35637.216313	-1751.472606	 -455.612273
    P1161 	-142164.890156	-36138.828393	-1495.177012	 -461.489172
    P1167 	88469.590947	-37005.054068	  819.981211	 -481.383244
    P1171 	190379.220105	-36747.795706	 1844.965899	 -488.468953
    P1174 	-180215.575971	-58938.725697	-1880.957286	 -689.131975
    P1175 	-154717.756835	-58417.497492	-1623.549099	 -684.799215
    P1176 	-130054.887891	-58057.061164	-1374.992064	 -682.047538
    P1191 	-193203.656568	-80857.725473	-2014.505171	 -908.557907
    P1192 	-168050.749031	-80214.796754	-1760.207599	 -903.096039
    P1193 	-141603.011468	-80917.029515	-1493.448429	 -911.159161
    P1194 	-116583.008609	-80814.218783	-1241.402602	 -911.088125
    P1196 	-65428.754346	-80728.649593	 -727.026705	 -912.280705
    P1197 	-39997.718513	-80560.574717	 -471.634708	 -911.698839
    P1198 	-13288.384855	-81935.435780	 -203.671422	 -926.778880
    P1199 	11807.372734	-81113.778604	   48.187362	 -919.809968
    P1200 	36827.785237	-80163.742652	  299.278282	 -911.671111
    P1201 	62646.723613	-80992.563898	  558.313990	 -921.622131
    P1202 	88372.892073	-80778.957986	  816.598775	 -921.263150
    P1204 	140263.848099	-82043.839367	 1338.096599	 -938.233669
    P1205 	164595.850724	-80647.298506	 1583.127209	 -926.517921
    P1206 	189737.350054	-80822.258665	 1836.586032	 -930.940687
    P1207 	215601.647894	-80198.088173	 2097.800997	 -927.700656
    P1208 	-180596.670771	-102418.769126	-1889.501855	-1125.305469
    P1209 	-154782.492547	-102857.270908	-1628.752081	-1130.822115
    P1210 	-128740.226848	-103795.941851	-1366.195411	-1141.352354
    P1211 	-104256.041157	-102786.800118	-1119.488863	-1132.262487
    P1212 	-78031.675012	-103259.231455	 -855.720602	-1138.147789
    P1213 	-52277.813577	-103430.982311	 -596.897164	-1141.039978
    P1214 	-26958.545723	-102680.419307	 -342.534146	-1134.704883
    P1215 	-1747.101344	-102472.669458	  -89.414350	-1133.907025
    P1216 	23367.229366	-101761.255013	  162.717449	-1128.142629
    P1217 	49654.641532	-103296.734140	  426.479124	-1145.191949
    P1218 	75603.720761	-103048.480460	  687.052795	-1144.432647
    P1219 	101708.601549	-104296.883970	  949.252360	-1158.937851
    P1220 	126795.509246	-103222.691633	 1201.559330	-1150.180764
    P1221 	152597.460698	-104389.507919	 1461.215468	-1164.273838
    P1222 	177766.426000	-103362.777467	 1714.930739	-1156.463064
    P1223 	203666.804727	-103793.170321	 1976.363166	-1163.674268
    P1224 	-167295.514784	-125669.965290	-1758.016454	-1359.063969
    P1225 	-144089.279668	-124640.663207	-1523.472846	-1349.865103
    P1226 	-116907.952280	-124967.759813	-1249.380993	-1354.440805
    P1227 	-90688.391277	-125831.868708	 -985.409094	-1364.371139
    P1228 	-65923.356660	-124665.259825	 -736.125707	-1353.850754
    P1229 	-39821.570170	-124747.927739	 -473.745974	-1355.994024
    P1231 	11742.811805	-125628.093395	   44.149396	-1367.678492
    P1233 	61844.585856	-124223.818612	  547.461142	-1356.720551
    P1234 	88321.635058	-125670.111514	  813.425556	-1373.208497
    P1235 	114011.669291	-125382.794141	 1071.774613	-1372.357503
    P1236 	139368.412556	-125099.315482	 1327.002539	-1371.718737
    P1237 	164364.230063	-124452.242514	 1578.899870	-1367.599183
    P1238 	190633.265592	-125934.035156	 1843.917240	-1385.328273
    P1240 	-140318.216744	-153341.846396	-1489.340891	-1638.015011
    P1241 	-103688.812079	-147067.900570	-1118.920296	-1577.039833
    P1243 	-54033.151567	-146402.146310	 -618.905693	-1573.032340
    P1244 	-28270.259583	-145943.961999	 -359.782919	-1569.869245
    P1245 	-1621.105372	-146707.695564	  -92.000328	-1579.128644
    P1246 	23634.192127	-147422.138003	  161.733798	-1587.909492
    P1247 	49838.663280	-147452.254041	  425.083289	-1589.976118
    P1248 	74885.526878	-147273.932596	  676.886468	-1589.996658
    P1250 	126038.977713	-146766.182114	 1191.619016	-1589.082201
    P1251 	152545.553050	-147617.171601	 1458.666888	-1600.165841
    P1253 	-116047.084543	-170058.895321	-1246.786055	-1807.214175
    P1254 	-91593.894442	-168485.850394	 -999.910131	-1792.897040
    P1255 	-66308.660157	-167643.849775	 -745.039027	-1785.959093
    P1256 	-38432.538431	-170593.053395	 -464.783488	-1817.353931
    P1257 	-13934.215754	-169433.190606	 -218.164086	-1807.241537
    P1258 	12586.234437	-171060.022190	   48.403613	-1825.406319
    P1259 	36183.007059	-168650.634394	  285.952778	-1802.768812
    P1260 	62989.276083	-169195.778820	  555.527316	-1810.265468
    P1261 	87238.329908	-168711.217215	  799.565703	-1807.310575
    P1262 	113548.244037	-169300.353065	 1064.431484	-1815.527405
    P1263 	139652.346017	-170673.720340	 1327.433555	-1831.854000
    P1264 	-77608.811171	-192375.737606	 -862.406275	-2033.943984
    P1265 	-51499.881034	-193408.501645	 -599.375966	-2046.147405
    P1266 	-28251.023344	-189978.450881	 -364.732117	-2013.235361
    P1267 	-1073.516758	-192069.163309	  -91.379626	-2036.254098
    P1268 	23968.160166	-191439.299886	  160.752350	-2031.773072
    P1269 	50115.979218	-191892.712645	  423.904189	-2038.401651
    P1270 	76050.500609	-192423.917371	  684.984410	-2045.928151
    P1271 	100898.387530	-191670.558033	  935.365687	-2040.515530
    P1273 	-12766.473821	-215452.540844	 -212.189176	-2271.166490
    P1274 	  108.398282	-221389.724254	  -83.255204	-2332.130355
    P1275 	37942.217328	-214637.102214	  298.854786	-2267.152670
    Q1001 	-51052.632575	221746.282338	 -562.643434	 2126.919653
    Q1005 	50748.764961	222023.623332	  462.816679	 2115.451327
    Q1025 	-166305.876190	155075.182406	-1729.086271	 1464.711370
    Q1028 	-89652.531184	154926.095911	 -956.230001	 1458.012252
    Q1035 	89399.547132	155797.542163	  843.681180	 1448.263910
    Q1038 	165940.766175	156543.227997	 1614.930734	 1443.656948
    Q1045 	-25544.367603	133087.118468	 -313.182424	 1233.372279
    Q1047 	25779.464883	132931.865761	  202.162943	 1227.124064
    Q1074 	-102467.384783	88546.486694	-1088.581360	  790.635677
    Q1082 	102267.974657	88693.628947	  966.607131	  776.467044
    Q1087 	-217552.686076	66613.285793	-2250.385776	  574.431382
    Q1094 	-38309.743517	66089.322705	 -445.462371	  561.481660
    Q1097 	38496.220178	66444.328511	  324.880883	  559.843034
    Q1104 	217148.880018	67073.284207	 2122.029471	  545.252401
    Q1108 	-127938.980820	44696.096971	-1346.942872	  350.570921
    Q1115 	127716.285303	44562.349625	 1218.985353	  332.514236
    Q1134 	-179589.293848	  -22.660905	-1870.001153	  -97.399301
    Q1138 	-76674.830330	  -35.738884	 -834.221482	 -101.044092
    Q1139 	76900.072882	  -77.176187	  705.961990	 -109.953036
    Q1143 	179495.583046	  100.794039	 1737.190367	 -118.079958
    Q1162 	-127822.981414	-44147.726920	-1351.379808	 -542.421576
    Q1169 	127987.469900	-44487.459026	 1216.489563	 -559.746217
    Q1173 	-217681.901687	-66413.134367	-2260.806785	 -762.726401
    Q1180 	-38433.253403	-66296.510098	 -454.840049	 -768.400524
    Q1183 	38071.922907	-66684.169559	  312.617907	 -776.212128
    Q1190 	217473.103960	-66691.842756	 2117.217054	 -792.224138
    Q1195 	-102509.925065	-88647.729182	-1100.514556	 -990.320444
    Q1203 	102535.692216	-88523.157148	  958.435899	-1000.237584
    Q1230 	-25794.640103	-132876.169261	 -333.582755	-1438.506886
    Q1232 	25820.064539	-133146.321668	  184.915817	-1444.236436
    Q1239 	-166164.640690	-155571.622907	-1750.971102	-1658.888000
    Q1242 	-89408.385432	-155248.262896	 -976.091118	-1660.004228
    Q1249 	89599.344126	-155429.942015	  824.292680	-1673.428582
    Q1252 	166621.871927	-155189.900608	 1600.305996	-1678.083921
    Q1272 	-51352.630623	-221510.786304	 -602.169727	-2329.105455
    Q1276 	51062.107007	-221587.516884	  430.270701	-2338.572360
nouse	-191949.559716	-21708.443310	-1996.367590	 -314.918551
nouse	-64548.058291	-21992.678922	 -713.859962	 -322.136452
nouse	102516.000410	 -338.248846	  963.024806	 -114.647851
nouse	166573.097435	-21965.217784	 1605.809290	 -337.604745
nouse	-102718.519324	-44401.990389	-1098.850303	 -545.854984
nouse	115460.068969	-22656.376901	 1091.763040	 -339.564490
nouse	-204685.323128	-44355.234247	-2127.032076	 -541.897988
nouse	-64133.820049	-66167.504948	 -712.840123	 -766.011330
nouse	12806.659148	-66686.507336	   59.191062	 -774.811353
nouse	204885.837575	-44831.061998	 1990.970680	 -571.264028
nouse	-89605.867388	-66645.221836	 -968.793456	 -769.801509
nouse	89766.242357	-67111.281143	  831.349622	 -783.935673
nouse	102323.618725	-44298.571822	  958.670548	 -555.691763
nouse	192088.134133	-22253.120269	 1862.916012	 -343.401626
nouse	115438.375810	-66669.445491	 1089.237779	 -781.500878
nouse	140965.306189	-22549.824074	 1348.101391	 -340.838986
nouse	204582.858143	  426.878976	 1990.222293	 -117.960804
nouse	153685.441241	 -442.771917	 1477.271070	 -120.608296
nouse	140660.001188	-66560.503955	 1342.822406	 -782.603167
nouse	51017.565158	-43994.196414	  443.832707	 -548.985757
nouse	153228.859164	-44826.195666	 1470.331773	 -565.514559
nouse	-102404.913736	  641.639834	-1092.637930	  -93.271928
nouse	-51517.522094	-44297.642549	 -584.574380	 -546.774106
nouse	-76835.071568	-43871.566897	 -838.721013	 -541.483785
nouse	-204758.489675	  114.584358	-2124.337765	  -95.227751
nouse	-153563.705102	 -565.836982	-1607.529331	 -103.683087
nouse	-10119.373839	-59704.865282	 -170.296992	 -703.464844
nouse	-115116.147300	-66351.724140	-1225.329588	 -765.893459
nouse	-217577.101191	-21520.175562	-2255.637059	 -312.190084
nouse	63998.301615	-66210.224907	  572.758395	 -773.073843
nouse	-166194.901019	-21751.440278	-1736.327191	 -316.175770
nouse	-140767.017390	-22202.013080	-1480.065901	 -321.523831
nouse	191851.904510	-66485.663772	 1858.501955	 -787.091165
nouse	-115096.754606	-22464.395990	-1221.734777	 -325.017785
nouse	-89452.343963	-22441.308446	 -963.967382	 -325.693255
nouse	166631.520398	-67033.208117	 1604.234879	 -789.872792
nouse	64184.696872	-22578.500308	  577.126638	 -334.799779
nouse	89433.835016	-22776.507441	  830.443060	 -338.634562
delpoints	    0.000000	    0.000000	 -563.658665	 2047.055491
delpoints	    0.000000	    0.000000	 -523.974593	 2056.981653
delpoints	    0.000000	    0.000000	 -603.395122	 2058.079141
delpoints	    0.000000	    0.000000	 -482.784869	 2125.457014
delpoints	    0.000000	    0.000000	 -642.593871	 2128.489927
delpoints	    0.000000	    0.000000	 -492.861323	 2165.696956
delpoints	    0.000000	    0.000000	 -630.823805	 2168.010535
delpoints	    0.000000	    0.000000	 -601.601343	 2196.819041
delpoints	    0.000000	    0.000000	 -561.404032	 2206.954340
delpoints	    0.000000	    0.000000	  474.211622	 2035.982137
delpoints	    0.000000	    0.000000	  433.451725	 2040.976514
delpoints	    0.000000	    0.000000	  512.211664	 2052.831820
delpoints	    0.000000	    0.000000	  384.009427	 2103.524026
delpoints	    0.000000	    0.000000	  541.791682	 2127.433648
delpoints	    0.000000	    0.000000	  388.546402	 2144.874189
delpoints	    0.000000	    0.000000	  525.281748	 2165.380685
delpoints	    0.000000	    0.000000	  413.286454	 2178.477565
delpoints	    0.000000	    0.000000	  451.109853	 2194.641154
delpoints	    0.000000	    0.000000	-1747.134905	 1386.888963
delpoints	    0.000000	    0.000000	-1705.849195	 1388.179813
delpoints	    0.000000	    0.000000	-1783.940865	 1406.185548
delpoints	    0.000000	    0.000000	-1650.652785	 1446.344509
delpoints	    0.000000	    0.000000	-1807.276268	 1482.985586
delpoints	    0.000000	    0.000000	-1652.540921	 1487.618698
delpoints	    0.000000	    0.000000	-1787.682551	 1519.498423
delpoints	    0.000000	    0.000000	-1752.198105	 1541.144046
delpoints	    0.000000	    0.000000	-1711.042042	 1542.796069
delpoints	    0.000000	    0.000000	 -939.834946	 1380.098695
delpoints	    0.000000	    0.000000	 -903.067837	 1398.272873
delpoints	    0.000000	    0.000000	-1015.859893	 1404.904987
delpoints	    0.000000	    0.000000	-1034.421635	 1441.806870
delpoints	    0.000000	    0.000000	 -878.280913	 1474.006195
delpoints	    0.000000	    0.000000	-1032.037037	 1482.855042
delpoints	    0.000000	    0.000000	 -896.615402	 1511.314212
delpoints	    0.000000	    0.000000	 -931.280940	 1533.957155
delpoints	    0.000000	    0.000000	 -972.473452	 1535.933478
delpoints	    0.000000	    0.000000	  869.641770	 1372.965894
delpoints	    0.000000	    0.000000	  791.353486	 1387.647315
delpoints	    0.000000	    0.000000	  904.226539	 1395.982543
delpoints	    0.000000	    0.000000	  768.398627	 1421.705257
delpoints	    0.000000	    0.000000	  922.208702	 1433.731621
delpoints	    0.000000	    0.000000	  919.031418	 1474.772194
delpoints	    0.000000	    0.000000	  783.316972	 1500.423241
delpoints	    0.000000	    0.000000	  817.310379	 1523.657947
delpoints	    0.000000	    0.000000	  858.236473	 1526.869876
delpoints	    0.000000	    0.000000	 1618.480544	 1363.787541
delpoints	    0.000000	    0.000000	 1578.009198	 1372.637708
delpoints	    0.000000	    0.000000	 1658.137986	 1376.311099
delpoints	    0.000000	    0.000000	 1534.851277	 1439.605842
delpoints	    0.000000	    0.000000	 1694.962942	 1447.608271
delpoints	    0.000000	    0.000000	 1543.828361	 1480.470288
delpoints	    0.000000	    0.000000	 1682.297316	 1487.052563
delpoints	    0.000000	    0.000000	 1571.538214	 1510.901625
delpoints	    0.000000	    0.000000	 1611.242787	 1523.449893
delpoints	    0.000000	    0.000000	 -301.010873	 1154.305894
delpoints	    0.000000	    0.000000	 -341.914165	 1158.748804
delpoints	    0.000000	    0.000000	 -263.255686	 1171.031499
delpoints	    0.000000	    0.000000	 -391.872437	 1221.217248
delpoints	    0.000000	    0.000000	 -234.362082	 1245.167049
delpoints	    0.000000	    0.000000	 -387.586066	 1262.304126
delpoints	    0.000000	    0.000000	 -250.599623	 1283.103098
delpoints	    0.000000	    0.000000	 -362.998977	 1296.114041
delpoints	    0.000000	    0.000000	 -325.296014	 1312.300666
delpoints	    0.000000	    0.000000	  207.557906	 1147.472567
delpoints	    0.000000	    0.000000	  246.354835	 1160.867756
delpoints	    0.000000	    0.000000	  135.737608	 1182.662957
delpoints	    0.000000	    0.000000	  122.694504	 1221.818239
delpoints	    0.000000	    0.000000	  281.869605	 1231.938381
delpoints	    0.000000	    0.000000	  130.587630	 1262.490773
delpoints	    0.000000	    0.000000	  237.653415	 1298.660519
delpoints	    0.000000	    0.000000	  197.257510	 1306.669578
delpoints	    0.000000	    0.000000	-1092.494028	  711.077467
delpoints	    0.000000	    0.000000	-1131.947842	  723.463130
delpoints	    0.000000	    0.000000	-1021.573276	  747.012707
delpoints	    0.000000	    0.000000	-1008.554861	  786.197139
delpoints	    0.000000	    0.000000	-1168.612070	  794.993437
delpoints	    0.000000	    0.000000	-1016.961986	  826.629729
delpoints	    0.000000	    0.000000	-1155.382889	  834.368984
delpoints	    0.000000	    0.000000	-1044.716087	  856.900968
delpoints	    0.000000	    0.000000	-1124.471316	  862.165547
delpoints	    0.000000	    0.000000	 1004.375861	  705.781322
delpoints	    0.000000	    0.000000	  924.279288	  708.841181
delpoints	    0.000000	    0.000000	 1034.458847	  734.286314
delpoints	    0.000000	    0.000000	  896.190946	  738.681184
delpoints	    0.000000	    0.000000	 1046.298937	  773.928066
delpoints	    0.000000	    0.000000	  886.734110	  779.031267
delpoints	    0.000000	    0.000000	  898.714428	  818.679937
delpoints	    0.000000	    0.000000	 1008.757645	  844.464446
delpoints	    0.000000	    0.000000	  968.945593	  856.328926
delpoints	    0.000000	    0.000000	-2233.797602	  496.246405
delpoints	    0.000000	    0.000000	-2275.209011	  498.395521
delpoints	    0.000000	    0.000000	-2310.449875	  520.958700
delpoints	    0.000000	    0.000000	-2174.255686	  549.574382
delpoints	    0.000000	    0.000000	-2171.603383	  591.085225
delpoints	    0.000000	    0.000000	-2326.639059	  599.216720
delpoints	    0.000000	    0.000000	-2303.970257	  633.939001
delpoints	    0.000000	    0.000000	-2225.576909	  650.279134
delpoints	    0.000000	    0.000000	-2267.040689	  652.910263
delpoints	    0.000000	    0.000000	 -445.790974	  481.616829
delpoints	    0.000000	    0.000000	 -406.172087	  492.394488
delpoints	    0.000000	    0.000000	 -514.915749	  522.043448
delpoints	    0.000000	    0.000000	 -365.809575	  560.691104
delpoints	    0.000000	    0.000000	 -524.782685	  562.029733
delpoints	    0.000000	    0.000000	 -376.224620	  600.539284
delpoints	    0.000000	    0.000000	 -514.109045	  601.847208
delpoints	    0.000000	    0.000000	 -405.008520	  630.245959
delpoints	    0.000000	    0.000000	 -444.797908	  641.280545
delpoints	    0.000000	    0.000000	  331.276366	  480.243360
delpoints	    0.000000	    0.000000	  290.537662	  488.156602
delpoints	    0.000000	    0.000000	  369.853155	  493.809149
delpoints	    0.000000	    0.000000	  244.960042	  553.531362
delpoints	    0.000000	    0.000000	  404.781771	  565.993435
delpoints	    0.000000	    0.000000	  252.857694	  594.415391
delpoints	    0.000000	    0.000000	  390.595735	  604.720147
delpoints	    0.000000	    0.000000	  279.870889	  625.532319
delpoints	    0.000000	    0.000000	  318.904279	  639.505687
delpoints	    0.000000	    0.000000	 2087.302394	  473.376391
delpoints	    0.000000	    0.000000	 2167.720708	  479.823641
delpoints	    0.000000	    0.000000	 2056.112559	  499.855540
delpoints	    0.000000	    0.000000	 2194.385403	  510.820560
delpoints	    0.000000	    0.000000	 2042.178326	  539.246005
delpoints	    0.000000	    0.000000	 2202.118015	  551.844262
delpoints	    0.000000	    0.000000	 2049.428173	  579.667115
delpoints	    0.000000	    0.000000	 2156.505881	  617.309531
delpoints	    0.000000	    0.000000	 2115.770772	  624.692637
delpoints	    0.000000	    0.000000	-1306.866064	  281.404621
delpoints	    0.000000	    0.000000	-1386.992742	  281.514033
delpoints	    0.000000	    0.000000	-1277.784468	  311.033433
delpoints	    0.000000	    0.000000	-1416.018744	  310.457325
delpoints	    0.000000	    0.000000	-1426.741700	  350.265518
delpoints	    0.000000	    0.000000	-1266.976157	  351.179289
delpoints	    0.000000	    0.000000	-1416.109571	  390.262544
delpoints	    0.000000	    0.000000	-1307.327291	  419.620118
delpoints	    0.000000	    0.000000	-1347.362437	  430.665211
delpoints	    0.000000	    0.000000	 1222.033576	  253.011507
delpoints	    0.000000	    0.000000	 1261.586424	  265.041900
delpoints	    0.000000	    0.000000	 1151.321808	  289.848950
delpoints	    0.000000	    0.000000	 1289.826519	  295.287880
delpoints	    0.000000	    0.000000	 1138.844447	  329.329388
delpoints	    0.000000	    0.000000	 1298.886626	  336.075971
delpoints	    0.000000	    0.000000	 1176.256847	  399.729635
delpoints	    0.000000	    0.000000	 1256.195444	  403.471670
delpoints	    0.000000	    0.000000	 1215.936613	  412.063271
delpoints	    0.000000	    0.000000	-1877.760160	 -176.914064
delpoints	    0.000000	    0.000000	-1837.025408	 -170.177011
delpoints	    0.000000	    0.000000	-1916.523510	 -162.633945
delpoints	    0.000000	    0.000000	-1790.248165	 -104.898857
delpoints	    0.000000	    0.000000	-1949.685154	  -89.888085
delpoints	    0.000000	    0.000000	-1796.921999	  -64.293374
delpoints	    0.000000	    0.000000	-1935.354098	  -50.779428
delpoints	    0.000000	    0.000000	-1903.551096	  -24.937339
delpoints	    0.000000	    0.000000	-1862.474925	  -17.965297
delpoints	    0.000000	    0.000000	 -862.418085	 -175.536926
delpoints	    0.000000	    0.000000	 -783.950190	 -163.206625
delpoints	    0.000000	    0.000000	 -896.057699	 -151.765934
delpoints	    0.000000	    0.000000	 -759.559345	 -129.187386
delpoints	    0.000000	    0.000000	 -755.328929	  -88.654591
delpoints	    0.000000	    0.000000	 -908.893002	  -72.814029
delpoints	    0.000000	    0.000000	 -772.337287	  -50.727757
delpoints	    0.000000	    0.000000	 -884.801017	  -39.408013
delpoints	    0.000000	    0.000000	 -846.728620	  -22.077570
delpoints	    0.000000	    0.000000	  687.301729	 -187.537754
delpoints	    0.000000	    0.000000	  728.732946	 -186.367147
delpoints	    0.000000	    0.000000	  629.355817	 -132.680311
delpoints	    0.000000	    0.000000	  783.761461	 -128.309178
delpoints	    0.000000	    0.000000	  628.237630	  -91.403334
delpoints	    0.000000	    0.000000	  782.338407	  -86.918210
delpoints	    0.000000	    0.000000	  647.770650	  -55.416816
delpoints	    0.000000	    0.000000	  761.029781	  -51.974508
delpoints	    0.000000	    0.000000	  724.794152	  -32.505300
delpoints	    0.000000	    0.000000	 1749.129565	 -197.000515
delpoints	    0.000000	    0.000000	 1707.953020	 -192.575006
delpoints	    0.000000	    0.000000	 1787.389910	 -180.370968
delpoints	    0.000000	    0.000000	 1658.095115	 -130.005649
delpoints	    0.000000	    0.000000	 1816.586371	 -106.363923
delpoints	    0.000000	    0.000000	 1662.564168	  -88.733566
delpoints	    0.000000	    0.000000	 1799.712611	  -68.358679
delpoints	    0.000000	    0.000000	 1687.107760	  -55.728738
delpoints	    0.000000	    0.000000	 1725.238702	  -39.151060
delpoints	    0.000000	    0.000000	-1380.997804	 -616.686028
delpoints	    0.000000	    0.000000	-1302.151979	 -605.192827
delpoints	    0.000000	    0.000000	-1414.585799	 -591.537794
delpoints	    0.000000	    0.000000	-1277.111306	 -572.107179
delpoints	    0.000000	    0.000000	-1430.486127	 -554.225194
delpoints	    0.000000	    0.000000	-1288.427866	 -492.780931
delpoints	    0.000000	    0.000000	-1400.984045	 -479.669326
delpoints	    0.000000	    0.000000	-1321.776497	 -468.137979
delpoints	    0.000000	    0.000000	-1362.738639	 -463.531251
delpoints	    0.000000	    0.000000	 1220.040830	 -639.668827
delpoints	    0.000000	    0.000000	 1179.792210	 -630.429221
delpoints	    0.000000	    0.000000	 1259.829913	 -627.113391
delpoints	    0.000000	    0.000000	 1136.450737	 -562.993609
delpoints	    0.000000	    0.000000	 1296.074920	 -556.098846
delpoints	    0.000000	    0.000000	 1145.911558	 -522.663428
delpoints	    0.000000	    0.000000	 1283.908655	 -516.729873
delpoints	    0.000000	    0.000000	 1173.768107	 -492.200921
delpoints	    0.000000	    0.000000	 1213.167833	 -479.827752
delpoints	    0.000000	    0.000000	-2331.454143	 -725.102262
delpoints	    0.000000	    0.000000	-2192.508004	 -720.861991
delpoints	    0.000000	    0.000000	-2302.409596	 -694.731103
delpoints	    0.000000	    0.000000	-2262.844540	 -682.552434
delpoints	    0.000000	    0.000000	-2341.077926	 -765.353081
delpoints	    0.000000	    0.000000	-2180.599627	 -760.421461
delpoints	    0.000000	    0.000000	-2258.897083	 -842.527148
delpoints	    0.000000	    0.000000	-2298.960129	 -833.353675
delpoints	    0.000000	    0.000000	-2218.846421	 -830.777213
delpoints	    0.000000	    0.000000	 -508.201300	 -708.947575
delpoints	    0.000000	    0.000000	 -471.111325	 -690.583033
delpoints	    0.000000	    0.000000	 -530.674464	 -743.918753
delpoints	    0.000000	    0.000000	 -376.833837	 -751.709840
delpoints	    0.000000	    0.000000	 -479.336384	 -844.454306
delpoints	    0.000000	    0.000000	 -395.310881	 -715.005991
delpoints	    0.000000	    0.000000	 -401.534965	 -827.695854
delpoints	    0.000000	    0.000000	 -514.051579	 -821.678517
delpoints	    0.000000	    0.000000	 -379.309462	 -793.256986
delpoints	    0.000000	    0.000000	  234.089958	 -791.323786
delpoints	    0.000000	    0.000000	  373.078358	 -724.080504
delpoints	    0.000000	    0.000000	  391.125681	 -761.328529
delpoints	    0.000000	    0.000000	  297.870531	 -698.032165
delpoints	    0.000000	    0.000000	  237.229299	 -750.054704
delpoints	    0.000000	    0.000000	  260.454273	 -715.900814
delpoints	    0.000000	    0.000000	  364.604458	 -836.545314
delpoints	    0.000000	    0.000000	  327.803710	 -854.591725
delpoints	    0.000000	    0.000000	  286.296846	 -851.334049
delpoints	    0.000000	    0.000000	 2197.409556	 -790.736074
delpoints	    0.000000	    0.000000	 2047.283262	 -753.343773
delpoints	    0.000000	    0.000000	 2185.697269	 -750.869905
delpoints	    0.000000	    0.000000	 2115.759001	 -712.023812
delpoints	    0.000000	    0.000000	 2118.830737	 -872.318090
delpoints	    0.000000	    0.000000	 2078.518168	 -862.459161
delpoints	    0.000000	    0.000000	 2075.871927	 -723.597297
delpoints	    0.000000	    0.000000	 2158.564994	 -860.754489
delpoints	    0.000000	    0.000000	 2037.113525	 -793.365654
delpoints	    0.000000	    0.000000	-1174.604800	 -960.174504
delpoints	    0.000000	    0.000000	-1037.390161	 -941.264161
delpoints	    0.000000	    0.000000	-1149.573146	 -927.356570
delpoints	    0.000000	    0.000000	-1111.469381	 -911.155461
delpoints	    0.000000	    0.000000	-1089.664347	-1069.558568
delpoints	    0.000000	    0.000000	-1130.815552	-1064.426881
delpoints	    0.000000	    0.000000	-1051.756250	-1053.320745
delpoints	    0.000000	    0.000000	-1179.596812	-1001.344050
delpoints	    0.000000	    0.000000	-1021.250758	 -979.246372
delpoints	    0.000000	    0.000000	  931.549475	 -924.843520
delpoints	    0.000000	    0.000000	  897.566640	 -948.488470
delpoints	    0.000000	    0.000000	  972.506326	 -921.490067
delpoints	    0.000000	    0.000000	  907.022364	-1061.523964
delpoints	    0.000000	    0.000000	 1036.776362	-1014.634832
delpoints	    0.000000	    0.000000	  880.125478	 -986.083514
delpoints	    0.000000	    0.000000	 1033.630961	 -973.084067
delpoints	    0.000000	    0.000000	  944.406809	-1079.052834
delpoints	    0.000000	    0.000000	  985.783280	-1075.317299
delpoints	    0.000000	    0.000000	 -356.056198	-1361.690231
delpoints	    0.000000	    0.000000	 -314.590213	-1360.878450
delpoints	    0.000000	    0.000000	 -276.221150	-1493.936262
delpoints	    0.000000	    0.000000	 -410.361158	-1460.943003
delpoints	    0.000000	    0.000000	 -256.161168	-1457.662000
delpoints	    0.000000	    0.000000	 -410.900572	-1419.292225
delpoints	    0.000000	    0.000000	 -256.521153	-1416.269287
delpoints	    0.000000	    0.000000	 -352.629509	-1516.273199
delpoints	    0.000000	    0.000000	 -389.193297	-1496.148730
delpoints	    0.000000	    0.000000	  247.169596	-1394.357215
delpoints	    0.000000	    0.000000	  122.870878	-1494.484181
delpoints	    0.000000	    0.000000	  259.251573	-1473.133002
delpoints	    0.000000	    0.000000	  134.570364	-1382.008044
delpoints	    0.000000	    0.000000	  264.116881	-1431.968018
delpoints	    0.000000	    0.000000	  172.847889	-1365.143875
delpoints	    0.000000	    0.000000	  110.706150	-1415.398455
delpoints	    0.000000	    0.000000	  156.152356	-1519.108338
delpoints	    0.000000	    0.000000	  234.737768	-1506.496605
delpoints	    0.000000	    0.000000	-1736.249044	-1579.718006
delpoints	    0.000000	    0.000000	-1777.638339	-1583.672681
delpoints	    0.000000	    0.000000	-1672.226093	-1673.087829
delpoints	    0.000000	    0.000000	-1811.689090	-1607.362248
delpoints	    0.000000	    0.000000	-1829.921806	-1644.762364
delpoints	    0.000000	    0.000000	-1765.417974	-1737.610162
delpoints	    0.000000	    0.000000	-1724.222241	-1734.068140
delpoints	    0.000000	    0.000000	-1802.735205	-1720.388252
delpoints	    0.000000	    0.000000	-1023.388878	-1595.358696
delpoints	    0.000000	    0.000000	 -944.054534	-1586.633074
delpoints	    0.000000	    0.000000	 -985.327026	-1580.369912
delpoints	    0.000000	    0.000000	 -902.799788	-1691.624280
delpoints	    0.000000	    0.000000	-1049.362714	-1627.987926
delpoints	    0.000000	    0.000000	 -896.360468	-1650.776023
delpoints	    0.000000	    0.000000	-1008.153087	-1733.375487
delpoints	    0.000000	    0.000000	-1040.326392	-1707.919005
delpoints	    0.000000	    0.000000	 -967.536983	-1739.760636
delpoints	    0.000000	    0.000000	  890.252868	-1628.292553
delpoints	    0.000000	    0.000000	  744.564611	-1679.160817
delpoints	    0.000000	    0.000000	  779.258868	-1607.214228
delpoints	    0.000000	    0.000000	  858.899925	-1601.515246
delpoints	    0.000000	    0.000000	  752.349845	-1638.598797
delpoints	    0.000000	    0.000000	  830.251137	-1753.125008
delpoints	    0.000000	    0.000000	  758.118238	-1718.166927
delpoints	    0.000000	    0.000000	  896.385156	-1708.193009
delpoints	    0.000000	    0.000000	  869.196515	-1739.558454
delpoints	    0.000000	    0.000000	 1610.956912	-1598.720758
delpoints	    0.000000	    0.000000	 1679.520961	-1689.166838
delpoints	    0.000000	    0.000000	 1520.900488	-1666.736877
delpoints	    0.000000	    0.000000	 1570.040013	-1603.850895
delpoints	    0.000000	    0.000000	 1674.181157	-1647.985106
delpoints	    0.000000	    0.000000	 1589.107155	-1757.444477
delpoints	    0.000000	    0.000000	 1664.090683	-1727.073122
delpoints	    0.000000	    0.000000	 1526.077747	-1707.933895
delpoints	    0.000000	    0.000000	 1551.588491	-1741.206350
delpoints	    0.000000	    0.000000	 -638.924393	-2257.630811
delpoints	    0.000000	    0.000000	 -598.346394	-2249.064682
delpoints	    0.000000	    0.000000	 -682.342697	-2325.976575
delpoints	    0.000000	    0.000000	 -531.253749	-2291.634628
delpoints	    0.000000	    0.000000	 -565.319968	-2400.393552
delpoints	    0.000000	    0.000000	 -645.164349	-2397.036885
delpoints	    0.000000	    0.000000	 -534.602429	-2372.537640
delpoints	    0.000000	    0.000000	 -559.050654	-2261.064822
delpoints	    0.000000	    0.000000	 -673.411144	-2366.217829
delpoints	    0.000000	    0.000000	  442.219680	-2259.166070
delpoints	    0.000000	    0.000000	  351.017449	-2326.263608
delpoints	    0.000000	    0.000000	  418.069891	-2417.800112
delpoints	    0.000000	    0.000000	  504.676480	-2309.471991
delpoints	    0.000000	    0.000000	  459.037327	-2413.526548
delpoints	    0.000000	    0.000000	  380.136228	-2401.105337
delpoints	    0.000000	    0.000000	  367.854107	-2288.561367
delpoints	    0.000000	    0.000000	  480.171640	-2275.605887
delpoints	    0.000000	    0.000000	  492.743740	-2388.724838
