    P1009 	-5297.814827	208088.646228	 -103.458418	 1983.697817
    P1018 	-18250.200765	185783.237536	 -235.942183	 1761.433219
    P1019 	 7534.029640	185847.596866	   23.391964	 1759.087991
    P1020 	32776.547607	185913.335408	  277.278965	 1756.577214
    P1021 	58083.517855	186327.093245	  531.917254	 1757.274661
    P1041 	-120446.356797	141306.407783	-1267.235096	 1322.782811
    P1051 	134976.398960	141659.746999	 1300.656428	 1300.435449
    P1054 	-184533.074339	118758.060906	-1914.744312	 1098.947582
    P1055 	-159876.823233	120065.567033	-1665.667594	 1110.910504
    P1056 	-132989.787326	118814.107736	-1394.600096	 1096.878540
    P1059 	-56846.112725	119369.161954	 -628.653286	 1097.790118
    P1064 	71408.529082	119367.809077	  659.046663	 1086.345279
    P1067 	147992.680850	120000.514585	 1429.364951	 1082.744525
    P1068 	172325.584933	120621.159180	 1674.733203	 1085.159017
    P1071 	-172595.495756	98464.594384	-1794.833370	  893.726960
    P1072 	-146626.806912	97786.860812	-1532.894812	  885.721812
    P1078 	 7335.345493	96803.059055	   14.169362	  866.510223
    P1084 	159323.169521	98536.677866	 1541.325647	  867.256579
    P1085 	186641.636603	97827.948330	 1816.725914	  856.078380
    P1102 	174168.975040	75492.138281	 1688.799706	  635.473397
    P1106 	-171468.970759	52837.262973	-1785.316530	  434.103084
    P1110 	-70795.236750	52813.499292	 -772.371831	  429.770263
    P1113 	84568.923005	52089.687396	  785.995155	  412.039318
    P1117 	185833.358301	53099.463006	 1804.535169	  410.546534
    P1119 	-210042.105638	30941.340780	-2176.128685	  215.063322
    P1132 	225044.017500	30945.209355	 2198.795554	  183.863286
    P1136 	-120871.380217	 8290.132639	-1277.980131	  -15.670116
    P1141 	134588.935648	 8939.265120	 1285.633814	  -24.713011
    P1158 	224512.389367	-13330.963914	 2190.680320	 -258.325352
    P1160 	-171691.434046	-35082.829698	-1792.920338	 -449.756101
    P1161 	-146227.900290	-35381.188005	-1536.167667	 -453.600799
    P1167 	84348.489942	-36229.259745	  778.537582	 -473.234608
    P1171 	186295.138164	-36025.869984	 1803.720017	 -480.761904
    P1174 	-184271.498540	-58111.675756	-1921.961100	 -680.512067
    P1175 	-158788.673187	-57698.274501	-1664.648347	 -677.270121
    P1176 	-134114.455875	-57715.033785	-1415.954902	 -678.312118
    P1191 	-197296.694186	-80181.071147	-2055.936347	 -901.422007
    P1192 	-172177.271567	-79576.182576	-1801.910771	 -896.350120
    P1193 	-145674.779952	-80049.685766	-1534.513122	 -902.124979
    P1194 	-120673.193523	-80105.214267	-1282.619276	 -903.645072
    P1196 	-69533.309960	-80013.065011	 -768.314687	 -904.766874
    P1197 	-44113.363955	-80057.932582	 -513.028598	 -906.318604
    P1198 	-17295.306558	-80807.851280	 -243.913102	 -915.110921
    P1199 	 7703.546490	-80521.930316	    6.938257	 -913.512798
    P1200 	32712.444628	-79676.941058	  257.903554	 -906.417095
    P1201 	58553.650348	-80396.092185	  517.157440	 -915.249645
    P1202 	84265.302571	-80112.426845	  775.279908	 -914.166935
    P1204 	136241.732860	-80983.765415	 1297.588663	 -927.142776
    P1205 	160459.716516	-80016.939353	 1541.408533	 -919.716277
    P1206 	185616.090138	-80638.217643	 1794.947123	 -928.602267
    P1207 	211507.549663	-79880.104436	 2056.381269	 -923.990489
    P1208 	-184754.223760	-101962.505953	-1931.581511	-1120.366138
    P1209 	-158885.023146	-102259.398094	-1670.191517	-1124.471533
    P1210 	-132810.011330	-103007.139184	-1407.227473	-1133.089155
    P1211 	-108328.823258	-102298.842675	-1160.539444	-1127.020683
    P1212 	-82106.694266	-102551.053366	 -896.734489	-1130.690763
    P1213 	-56281.560570	-102499.839935	 -637.148061	-1131.339214
    P1214 	-31036.252296	-102049.436108	 -383.537321	-1128.010833
    P1215 	-5858.250003	-102014.218438	 -130.757453	-1128.936866
    P1216 	19208.623467	-101683.764026	  120.872499	-1126.991509
    P1217 	45551.326377	-102718.453162	  385.217988	-1138.989266
    P1218 	71490.454650	-102379.573874	  645.681793	-1137.300518
    P1219 	97652.551193	-103355.661644	  908.446584	-1149.048402
    P1220 	122705.662545	-102542.245218	 1160.367962	-1142.895233
    P1221 	148639.555202	-103390.627798	 1421.326731	-1153.771313
    P1222 	173669.230093	-102782.709933	 1673.573829	-1150.142386
    P1223 	199630.797434	-102892.101067	 1935.579753	-1154.102871
    P1224 	-171380.196754	-124938.961091	-1799.300379	-1351.363867
    P1225 	-148181.632921	-124963.278732	-1564.915439	-1352.738259
    P1226 	-121038.127894	-124465.131925	-1291.044026	-1349.033753
    P1227 	-94725.811955	-124986.626199	-1026.056891	-1355.524405
    P1228 	-70019.175981	-124244.812653	 -777.376374	-1349.266058
    P1229 	-43947.892112	-124106.799888	 -515.256648	-1349.182150
    P1231 	 7659.188112	-124797.925823	    3.102884	-1358.944177
    P1233 	57783.856373	-123946.212648	  506.590842	-1353.525647
    P1234 	84252.072012	-124924.338499	  772.478798	-1365.278248
    P1235 	109910.138223	-124694.689045	 1030.475795	-1364.987368
    P1236 	135333.544563	-124391.859388	 1286.341451	-1364.139764
    P1237 	160225.110362	-124168.051070	 1537.128646	-1364.257505
    P1238 	186563.662308	-125223.797508	 1802.814127	-1377.673829
    P1240 	-140319.428258	-153343.023444	-1489.441329	-1637.883603
    P1241 	-107793.310834	-146415.955001	-1160.300057	-1570.123293
    P1243 	-57662.431766	-146527.861952	 -655.530463	-1573.952080
    P1244 	-32412.315880	-146008.849983	 -401.533310	-1570.144671
    P1245 	-5787.803374	-146309.837404	 -133.936830	-1574.735463
    P1246 	19510.582859	-146935.850269	  120.241993	-1582.616394
    P1247 	45790.848804	-146801.609300	  384.361965	-1583.017480
    P1248 	70768.971988	-146803.271610	  635.447704	-1584.832875
    P1250 	121959.536659	-146414.620114	 1150.499493	-1585.089358
    P1251 	148423.894647	-146960.374459	 1417.101050	-1593.067527
    P1253 	-120048.004618	-169139.298153	-1287.120968	-1797.614284
    P1254 	-95747.401920	-168332.130666	-1041.855196	-1790.977024
    P1255 	-70437.305945	-167466.346007	 -786.692068	-1783.798749
    P1256 	-42410.639237	-169451.467234	 -504.775729	-1805.492836
    P1257 	-18031.304124	-168766.588938	 -259.396806	-1800.143966
    P1258 	 8597.493512	-169753.302520	    8.332807	-1811.850226
    P1259 	32082.006441	-168361.905236	  244.651766	-1799.456787
    P1260 	58854.401032	-168572.322779	  513.908023	-1803.559080
    P1261 	83163.475899	-168358.237252	  758.514902	-1803.324985
    P1262 	109425.835566	-168817.135954	 1022.888677	-1810.205611
    P1263 	135610.373062	-169834.969519	 1286.691155	-1822.927579
    P1264 	-81674.470830	-191603.988779	 -903.382399	-2025.816403
    P1265 	-55474.478527	-192279.054794	 -639.356988	-2034.415318
    P1266 	-32353.436481	-190097.715633	 -406.148474	-2014.059597
    P1267 	-5153.924882	-191276.298641	 -132.445068	-2027.877588
    P1268 	19853.408849	-190920.037723	  119.314393	-2026.140700
    P1269 	46039.536295	-191158.355864	  382.870931	-2030.586217
    P1270 	71992.495949	-191523.553638	  644.139387	-2036.420155
    P1271 	96813.579453	-191025.368137	  894.210747	-2033.568261
    P1273 	-16719.935032	-214235.223538	 -251.941848	-2258.532512
    P1274 	  110.510976	-221386.096261	  -83.307447	-2332.073082
    P1275 	33914.591289	-213665.369404	  258.324222	-2256.956113
    Q1001 	-51050.610906	221749.324738	 -562.902852	 2126.653685
    Q1005 	50748.303586	222026.708064	  462.579444	 2115.162005
    Q1025 	-166306.163360	155071.430879	-1729.356265	 1464.540383
    Q1028 	-89659.045549	154925.566669	 -956.527576	 1457.816501
    Q1035 	89399.726917	155793.716856	  843.493156	 1447.971787
    Q1038 	165939.695221	156542.081481	 1614.743579	 1443.386411
    Q1045 	-25540.598478	133082.062158	 -313.343091	 1233.133525
    Q1047 	25783.272686	132934.201726	  202.011870	 1226.941194
    Q1074 	-102467.938821	88543.478350	-1088.768984	  790.537285
    Q1082 	102268.573227	88693.931009	  966.449233	  776.317046
    Q1087 	-217551.950655	66615.598001	-2250.563162	  574.509107
    Q1094 	-38313.147994	66086.065049	 -445.660723	  561.388029
    Q1097 	38495.206811	66443.729180	  324.709392	  559.743730
    Q1104 	217147.919864	67072.471115	 2121.884309	  545.090864
    Q1108 	-127937.815453	44701.872020	-1347.086619	  350.653279
    Q1115 	127715.078627	44562.487434	 1218.826389	  332.428025
    Q1134 	-179585.409414	  -21.757140	-1870.090707	  -97.269740
    Q1138 	-76674.714884	  -35.041202	 -834.356305	 -100.967970
    Q1139 	76899.298393	  -73.501529	  705.816248	 -109.911712
    Q1143 	179495.493466	  100.525933	 1737.070965	 -118.126800
    Q1162 	-127822.208638	-44144.138516	-1351.486502	 -542.241557
    Q1169 	127989.344840	-44481.361628	 1216.394979	 -559.646363
    Q1173 	-217683.537582	-66414.975097	-2260.914036	 -762.555365
    Q1180 	-38432.152067	-66294.587213	 -454.948565	 -768.249154
    Q1183 	38070.476582	-66682.305664	  312.483221	 -776.089344
    Q1190 	217476.362783	-66690.518159	 2117.189167	 -792.211759
    Q1195 	-102511.725470	-88647.079810	-1100.639209	 -990.150334
    Q1203 	102535.671557	-88525.303232	  958.334423	-1000.169605
    Q1230 	-25795.728808	-132880.928787	 -333.698276	-1438.408588
    Q1232 	25820.942272	-133151.485010	  184.824151	-1444.157064
    Q1239 	-166166.015761	-155573.956766	-1751.067083	-1658.771931
    Q1242 	-89407.423051	-155250.602861	 -976.177962	-1659.887465
    Q1249 	89599.660933	-155431.933821	  824.224047	-1673.354343
    Q1252 	166618.285747	-155191.996231	 1600.244924	-1678.059975
    Q1272 	-51351.556720	-221505.508463	 -602.243328	-2329.030836
    Q1276 	51062.880574	-221585.581243	  430.226350	-2338.543085
nouse	-191948.972270	-21706.130011	-1996.477276	 -314.744326
nouse	-64548.435340	-21991.782969	 -713.993287	 -322.032872
nouse	102518.717517	 -345.114066	  962.916332	 -114.723267
nouse	166575.582730	-21965.968068	 1605.721829	 -337.621309
nouse	-102716.873264	-44407.176123	-1098.952435	 -545.772227
nouse	115463.035619	-22655.357319	 1091.667522	 -339.535545
nouse	-204686.387506	-44356.137327	-2127.145656	 -541.732091
nouse	-64135.198902	-66167.204917	 -712.971241	 -765.867785
nouse	12806.930150	-66690.018191	   59.072226	 -774.732622
nouse	204889.142472	-44831.089565	 1990.920493	 -571.273045
nouse	-89601.837292	-66645.877082	 -968.866912	 -769.659350
nouse	89765.706831	-67110.453315	  831.230983	 -783.846395
nouse	89429.706268	-22772.352838	  830.272372	 -338.561048
nouse	115436.452580	-66673.219351	 1089.110876	 -781.471437
nouse	192089.629492	-22251.772702	 1862.828359	 -343.411755
nouse	102325.810955	-44302.892452	  958.572659	 -555.683395
nouse	140967.975859	-22548.039939	 1348.008618	 -340.815458
nouse	140663.295928	-66559.247211	 1342.756156	 -782.538110
nouse	204580.758230	  427.289180	 1990.091494	 -118.014773
nouse	153686.968855	 -445.360096	 1477.160662	 -120.664579
nouse	-51516.387007	-44299.333842	 -584.687427	 -546.675101
nouse	153230.644475	-44827.947006	 1470.243737	 -565.507373
nouse	-76837.302620	-43872.598882	 -838.865255	 -541.369180
nouse	-102404.510053	  641.531656	-1092.768242	  -93.193107
nouse	-204758.516571	  114.783749	-2124.465948	  -95.090460
nouse	-153558.887720	 -562.892384	-1607.610661	 -103.546611
nouse	-10118.412433	-59709.822367	 -170.410665	 -703.398323
nouse	51018.386283	-43994.198025	  443.714525	 -548.910455
nouse	-217580.166882	-21520.842760	-2255.781702	 -312.032338
nouse	63998.556821	-66213.027475	  572.642905	 -773.009707
nouse	-166194.435761	-21752.913087	-1736.441126	 -316.052202
nouse	-115118.841055	-66351.520699	-1225.466721	 -765.734703
nouse	-140765.925280	-22202.226965	-1480.176154	 -321.398912
nouse	191853.345163	-66481.734136	 1858.440206	 -787.032959
nouse	-115092.862044	-22460.345240	-1221.819470	 -324.861076
nouse	166632.705719	-67031.756247	 1604.158185	 -789.821546
nouse	-89453.079306	-22436.905251	 -964.101453	 -325.543663
nouse	64184.848109	-22582.542962	  576.995793	 -334.797789
delpoints	    0.000000	    0.000000	 -563.861268	 2046.846065
delpoints	    0.000000	    0.000000	 -524.236607	 2056.724491
delpoints	    0.000000	    0.000000	 -603.606437	 2057.885720
delpoints	    0.000000	    0.000000	 -483.048627	 2125.203541
delpoints	    0.000000	    0.000000	 -642.807443	 2128.263923
delpoints	    0.000000	    0.000000	 -493.170988	 2165.346775
delpoints	    0.000000	    0.000000	 -631.089731	 2167.708682
delpoints	    0.000000	    0.000000	 -601.805592	 2196.573230
delpoints	    0.000000	    0.000000	 -561.534655	 2206.596701
delpoints	    0.000000	    0.000000	  473.914543	 2035.552242
delpoints	    0.000000	    0.000000	  433.184797	 2040.677751
delpoints	    0.000000	    0.000000	  511.930847	 2052.457710
delpoints	    0.000000	    0.000000	  383.742576	 2103.304639
delpoints	    0.000000	    0.000000	  541.544819	 2127.170350
delpoints	    0.000000	    0.000000	  388.363562	 2144.555620
delpoints	    0.000000	    0.000000	  525.084504	 2165.119068
delpoints	    0.000000	    0.000000	  412.879573	 2178.314607
delpoints	    0.000000	    0.000000	  450.809270	 2194.359975
delpoints	    0.000000	    0.000000	-1747.430192	 1386.781314
delpoints	    0.000000	    0.000000	-1706.174510	 1387.982406
delpoints	    0.000000	    0.000000	-1784.162503	 1405.911185
delpoints	    0.000000	    0.000000	-1650.990132	 1446.165256
delpoints	    0.000000	    0.000000	-1807.460003	 1482.814472
delpoints	    0.000000	    0.000000	-1652.762322	 1487.420724
delpoints	    0.000000	    0.000000	-1788.020846	 1519.330823
delpoints	    0.000000	    0.000000	-1752.442308	 1540.948024
delpoints	    0.000000	    0.000000	-1711.229105	 1542.574473
delpoints	    0.000000	    0.000000	 -939.971508	 1379.926044
delpoints	    0.000000	    0.000000	 -903.288088	 1398.121617
delpoints	    0.000000	    0.000000	-1016.055090	 1404.643999
delpoints	    0.000000	    0.000000	-1034.725334	 1441.599671
delpoints	    0.000000	    0.000000	 -878.510551	 1473.727333
delpoints	    0.000000	    0.000000	-1032.346488	 1482.667158
delpoints	    0.000000	    0.000000	 -896.906636	 1511.024063
delpoints	    0.000000	    0.000000	 -931.550982	 1533.719658
delpoints	    0.000000	    0.000000	 -972.655503	 1535.825168
delpoints	    0.000000	    0.000000	  869.502978	 1372.688142
delpoints	    0.000000	    0.000000	  791.113489	 1387.440498
delpoints	    0.000000	    0.000000	  903.955147	 1395.628395
delpoints	    0.000000	    0.000000	  768.219991	 1421.421066
delpoints	    0.000000	    0.000000	  922.007131	 1433.455997
delpoints	    0.000000	    0.000000	  918.833049	 1474.484633
delpoints	    0.000000	    0.000000	  783.075242	 1500.006076
delpoints	    0.000000	    0.000000	  817.029289	 1523.389199
delpoints	    0.000000	    0.000000	  858.010168	 1526.518956
delpoints	    0.000000	    0.000000	 1618.315031	 1363.517175
delpoints	    0.000000	    0.000000	 1577.884973	 1372.373858
delpoints	    0.000000	    0.000000	 1657.969903	 1376.008104
delpoints	    0.000000	    0.000000	 1534.676962	 1439.352097
delpoints	    0.000000	    0.000000	 1694.809138	 1447.395868
delpoints	    0.000000	    0.000000	 1543.666873	 1480.186056
delpoints	    0.000000	    0.000000	 1682.051952	 1486.696848
delpoints	    0.000000	    0.000000	 1571.388208	 1510.720760
delpoints	    0.000000	    0.000000	 1611.064792	 1523.196915
delpoints	    0.000000	    0.000000	 -301.174912	 1154.121364
delpoints	    0.000000	    0.000000	 -342.154469	 1158.621705
delpoints	    0.000000	    0.000000	 -263.440587	 1170.730133
delpoints	    0.000000	    0.000000	 -392.069123	 1220.955148
delpoints	    0.000000	    0.000000	 -234.557006	 1244.827882
delpoints	    0.000000	    0.000000	 -387.853711	 1262.048697
delpoints	    0.000000	    0.000000	 -250.758665	 1282.932808
delpoints	    0.000000	    0.000000	 -363.139949	 1295.675431
delpoints	    0.000000	    0.000000	 -325.515714	 1312.038113
delpoints	    0.000000	    0.000000	  207.367291	 1147.230050
delpoints	    0.000000	    0.000000	  246.144526	 1160.635871
delpoints	    0.000000	    0.000000	  135.591949	 1182.450477
delpoints	    0.000000	    0.000000	  122.542515	 1221.557643
delpoints	    0.000000	    0.000000	  281.733549	 1231.629992
delpoints	    0.000000	    0.000000	  130.387675	 1262.280203
delpoints	    0.000000	    0.000000	  237.570127	 1298.478865
delpoints	    0.000000	    0.000000	  197.089641	 1306.512561
delpoints	    0.000000	    0.000000	-1092.690788	  710.951826
delpoints	    0.000000	    0.000000	-1132.168584	  723.478415
delpoints	    0.000000	    0.000000	-1021.877663	  746.959769
delpoints	    0.000000	    0.000000	-1008.789311	  786.087473
delpoints	    0.000000	    0.000000	-1168.772456	  794.868373
delpoints	    0.000000	    0.000000	-1017.234665	  826.604795
delpoints	    0.000000	    0.000000	-1155.533854	  834.183913
delpoints	    0.000000	    0.000000	-1044.969098	  856.849765
delpoints	    0.000000	    0.000000	-1124.591958	  862.022569
delpoints	    0.000000	    0.000000	 1004.250628	  705.653991
delpoints	    0.000000	    0.000000	  924.132522	  708.729573
delpoints	    0.000000	    0.000000	 1034.299562	  734.100307
delpoints	    0.000000	    0.000000	  896.031004	  738.574203
delpoints	    0.000000	    0.000000	 1046.140386	  773.717008
delpoints	    0.000000	    0.000000	  886.562538	  778.831026
delpoints	    0.000000	    0.000000	  898.540000	  818.570164
delpoints	    0.000000	    0.000000	 1008.571547	  844.319724
delpoints	    0.000000	    0.000000	  968.797562	  856.134289
delpoints	    0.000000	    0.000000	-2233.963218	  496.348199
delpoints	    0.000000	    0.000000	-2275.317179	  498.507413
delpoints	    0.000000	    0.000000	-2310.550191	  520.959654
delpoints	    0.000000	    0.000000	-2174.470573	  549.789703
delpoints	    0.000000	    0.000000	-2171.728596	  591.073378
delpoints	    0.000000	    0.000000	-2326.790667	  599.358809
delpoints	    0.000000	    0.000000	-2304.139518	  633.965875
delpoints	    0.000000	    0.000000	-2225.732044	  650.322230
delpoints	    0.000000	    0.000000	-2267.312407	  652.909283
delpoints	    0.000000	    0.000000	 -446.019816	  481.549991
delpoints	    0.000000	    0.000000	 -406.299225	  492.363064
delpoints	    0.000000	    0.000000	 -515.106369	  521.918192
delpoints	    0.000000	    0.000000	 -366.038713	  560.600752
delpoints	    0.000000	    0.000000	 -524.966391	  561.918206
delpoints	    0.000000	    0.000000	 -376.352961	  600.462920
delpoints	    0.000000	    0.000000	 -514.312755	  601.728981
delpoints	    0.000000	    0.000000	 -405.163108	  630.046384
delpoints	    0.000000	    0.000000	 -445.042466	  641.172628
delpoints	    0.000000	    0.000000	  331.044465	  480.168400
delpoints	    0.000000	    0.000000	  290.376738	  488.005400
delpoints	    0.000000	    0.000000	  369.680037	  493.692649
delpoints	    0.000000	    0.000000	  244.756052	  553.429877
delpoints	    0.000000	    0.000000	  404.631295	  565.791548
delpoints	    0.000000	    0.000000	  252.701950	  594.337475
delpoints	    0.000000	    0.000000	  390.446240	  604.646879
delpoints	    0.000000	    0.000000	  279.693339	  625.439461
delpoints	    0.000000	    0.000000	  318.725837	  639.405167
delpoints	    0.000000	    0.000000	 2087.210886	  473.295937
delpoints	    0.000000	    0.000000	 2167.549615	  479.643064
delpoints	    0.000000	    0.000000	 2056.028097	  499.625291
delpoints	    0.000000	    0.000000	 2194.234382	  510.569010
delpoints	    0.000000	    0.000000	 2042.003753	  539.135934
delpoints	    0.000000	    0.000000	 2201.909697	  551.564950
delpoints	    0.000000	    0.000000	 2049.296035	  579.487140
delpoints	    0.000000	    0.000000	 2156.391333	  617.137783
delpoints	    0.000000	    0.000000	 2115.551240	  624.468449
delpoints	    0.000000	    0.000000	-1307.009244	  281.463233
delpoints	    0.000000	    0.000000	-1387.125190	  281.551939
delpoints	    0.000000	    0.000000	-1416.146517	  310.535485
delpoints	    0.000000	    0.000000	-1277.960958	  311.030032
delpoints	    0.000000	    0.000000	-1426.854886	  350.318633
delpoints	    0.000000	    0.000000	-1267.190591	  351.137200
delpoints	    0.000000	    0.000000	-1416.273841	  390.289141
delpoints	    0.000000	    0.000000	-1307.513884	  419.764592
delpoints	    0.000000	    0.000000	-1347.466399	  430.772324
delpoints	    0.000000	    0.000000	 1221.909506	  252.941617
delpoints	    0.000000	    0.000000	 1261.395343	  264.978638
delpoints	    0.000000	    0.000000	 1151.152485	  289.755757
delpoints	    0.000000	    0.000000	 1289.675324	  295.122765
delpoints	    0.000000	    0.000000	 1138.709620	  329.178312
delpoints	    0.000000	    0.000000	 1298.717245	  336.016001
delpoints	    0.000000	    0.000000	 1176.143155	  399.681296
delpoints	    0.000000	    0.000000	 1256.064162	  403.326326
delpoints	    0.000000	    0.000000	 1215.813540	  411.989567
delpoints	    0.000000	    0.000000	-1877.836813	 -176.794662
delpoints	    0.000000	    0.000000	-1837.162752	 -170.039567
delpoints	    0.000000	    0.000000	-1916.618127	 -162.343901
delpoints	    0.000000	    0.000000	-1790.303056	 -104.811670
delpoints	    0.000000	    0.000000	-1949.822536	  -89.804270
delpoints	    0.000000	    0.000000	-1797.055205	  -64.165028
delpoints	    0.000000	    0.000000	-1935.475361	  -50.642498
delpoints	    0.000000	    0.000000	-1903.620788	  -24.858763
delpoints	    0.000000	    0.000000	-1862.504539	  -17.918721
delpoints	    0.000000	    0.000000	 -862.558113	 -175.391945
delpoints	    0.000000	    0.000000	 -784.147471	 -163.142533
delpoints	    0.000000	    0.000000	 -896.204631	 -151.680603
delpoints	    0.000000	    0.000000	 -759.663454	 -129.102761
delpoints	    0.000000	    0.000000	 -755.429979	  -88.580953
delpoints	    0.000000	    0.000000	 -909.103120	  -72.720888
delpoints	    0.000000	    0.000000	 -772.461018	  -50.716688
delpoints	    0.000000	    0.000000	 -884.906461	  -39.364108
delpoints	    0.000000	    0.000000	 -846.862809	  -22.052560
delpoints	    0.000000	    0.000000	  687.168406	 -187.490214
delpoints	    0.000000	    0.000000	  728.618776	 -186.264011
delpoints	    0.000000	    0.000000	  629.217958	 -132.674745
delpoints	    0.000000	    0.000000	  783.597977	 -128.172437
delpoints	    0.000000	    0.000000	  628.151480	  -91.326693
delpoints	    0.000000	    0.000000	  782.173729	  -86.911100
delpoints	    0.000000	    0.000000	  647.648046	  -55.431954
delpoints	    0.000000	    0.000000	  760.902392	  -51.980761
delpoints	    0.000000	    0.000000	  724.637040	  -32.466021
delpoints	    0.000000	    0.000000	 1749.046354	 -197.038428
delpoints	    0.000000	    0.000000	 1707.828035	 -192.599545
delpoints	    0.000000	    0.000000	 1787.283313	 -180.364746
delpoints	    0.000000	    0.000000	 1658.009308	 -130.061332
delpoints	    0.000000	    0.000000	 1816.461838	 -106.385360
delpoints	    0.000000	    0.000000	 1662.455834	  -88.766984
delpoints	    0.000000	    0.000000	 1799.534977	  -68.385452
delpoints	    0.000000	    0.000000	 1687.012589	  -55.780996
delpoints	    0.000000	    0.000000	 1725.153477	  -39.207862
delpoints	    0.000000	    0.000000	-1381.084299	 -616.516788
delpoints	    0.000000	    0.000000	-1302.249758	 -605.009895
delpoints	    0.000000	    0.000000	-1414.700057	 -591.352032
delpoints	    0.000000	    0.000000	-1277.243809	 -571.921036
delpoints	    0.000000	    0.000000	-1430.594245	 -554.038432
delpoints	    0.000000	    0.000000	-1288.491134	 -492.636180
delpoints	    0.000000	    0.000000	-1401.048477	 -479.481853
delpoints	    0.000000	    0.000000	-1321.874497	 -467.952276
delpoints	    0.000000	    0.000000	-1362.857456	 -463.356997
delpoints	    0.000000	    0.000000	 1219.987017	 -639.542385
delpoints	    0.000000	    0.000000	 1179.701549	 -630.321221
delpoints	    0.000000	    0.000000	 1259.709701	 -627.025742
delpoints	    0.000000	    0.000000	 1136.356315	 -563.002061
delpoints	    0.000000	    0.000000	 1296.015087	 -556.042561
delpoints	    0.000000	    0.000000	 1145.822832	 -522.597160
delpoints	    0.000000	    0.000000	 1283.839291	 -516.715268
delpoints	    0.000000	    0.000000	 1173.615767	 -492.079827
delpoints	    0.000000	    0.000000	 1213.055551	 -479.784719
delpoints	    0.000000	    0.000000	-2331.509605	 -724.931537
delpoints	    0.000000	    0.000000	-2192.606653	 -720.671735
delpoints	    0.000000	    0.000000	-2302.539622	 -694.546073
delpoints	    0.000000	    0.000000	-2262.861217	 -682.409970
delpoints	    0.000000	    0.000000	-2341.211698	 -765.173720
delpoints	    0.000000	    0.000000	-2180.721468	 -760.240939
delpoints	    0.000000	    0.000000	-2259.003917	 -842.338372
delpoints	    0.000000	    0.000000	-2299.034327	 -833.195942
delpoints	    0.000000	    0.000000	-2218.905438	 -830.572388
delpoints	    0.000000	    0.000000	 -508.311171	 -708.761899
delpoints	    0.000000	    0.000000	 -471.253353	 -690.415793
delpoints	    0.000000	    0.000000	 -530.780170	 -743.840189
delpoints	    0.000000	    0.000000	 -376.973817	 -751.557445
delpoints	    0.000000	    0.000000	 -479.456223	 -844.274964
delpoints	    0.000000	    0.000000	 -395.441258	 -714.869697
delpoints	    0.000000	    0.000000	 -401.651418	 -827.589732
delpoints	    0.000000	    0.000000	 -514.179412	 -821.511520
delpoints	    0.000000	    0.000000	 -379.393537	 -793.116392
delpoints	    0.000000	    0.000000	  372.986148	 -723.979587
delpoints	    0.000000	    0.000000	  233.912981	 -791.184658
delpoints	    0.000000	    0.000000	  391.015638	 -761.237065
delpoints	    0.000000	    0.000000	  297.664699	 -697.956323
delpoints	    0.000000	    0.000000	  237.080701	 -749.962484
delpoints	    0.000000	    0.000000	  260.343583	 -715.806114
delpoints	    0.000000	    0.000000	  364.452906	 -836.386981
delpoints	    0.000000	    0.000000	  327.674526	 -854.465731
delpoints	    0.000000	    0.000000	  286.235997	 -851.214279
delpoints	    0.000000	    0.000000	 2197.350889	 -790.664849
delpoints	    0.000000	    0.000000	 2047.261067	 -753.284853
delpoints	    0.000000	    0.000000	 2185.693573	 -750.882763
delpoints	    0.000000	    0.000000	 2075.788305	 -723.618149
delpoints	    0.000000	    0.000000	 2115.634559	 -712.030604
delpoints	    0.000000	    0.000000	 2118.786641	 -872.282846
delpoints	    0.000000	    0.000000	 2078.500677	 -862.429152
delpoints	    0.000000	    0.000000	 2158.476033	 -860.828885
delpoints	    0.000000	    0.000000	 2037.093301	 -793.272006
delpoints	    0.000000	    0.000000	-1174.705663	 -960.031773
delpoints	    0.000000	    0.000000	-1037.524748	 -941.115143
delpoints	    0.000000	    0.000000	-1149.720483	 -927.159277
delpoints	    0.000000	    0.000000	-1111.564527	 -911.011031
delpoints	    0.000000	    0.000000	-1089.750721	-1069.414536
delpoints	    0.000000	    0.000000	-1131.004162	-1064.225703
delpoints	    0.000000	    0.000000	-1051.968617	-1053.142510
delpoints	    0.000000	    0.000000	-1179.705580	-1001.220122
delpoints	    0.000000	    0.000000	-1021.346771	 -979.073034
delpoints	    0.000000	    0.000000	  897.455371	 -948.387524
delpoints	    0.000000	    0.000000	  931.425190	 -924.856530
delpoints	    0.000000	    0.000000	  972.370604	 -921.431708
delpoints	    0.000000	    0.000000	  906.930304	-1061.480451
delpoints	    0.000000	    0.000000	 1036.678027	-1014.585998
delpoints	    0.000000	    0.000000	  880.049326	 -986.019388
delpoints	    0.000000	    0.000000	 1033.528222	 -973.000195
delpoints	    0.000000	    0.000000	  944.349766	-1078.978465
delpoints	    0.000000	    0.000000	  985.620266	-1075.205632
delpoints	    0.000000	    0.000000	 -314.718061	-1360.795931
delpoints	    0.000000	    0.000000	 -276.328548	-1493.836991
delpoints	    0.000000	    0.000000	 -410.470043	-1460.816580
delpoints	    0.000000	    0.000000	 -256.259950	-1457.520533
delpoints	    0.000000	    0.000000	 -410.997955	-1419.178564
delpoints	    0.000000	    0.000000	 -356.142904	-1361.550420
delpoints	    0.000000	    0.000000	 -256.674163	-1416.172635
delpoints	    0.000000	    0.000000	 -352.763193	-1516.184235
delpoints	    0.000000	    0.000000	 -389.242847	-1496.080558
delpoints	    0.000000	    0.000000	  247.099313	-1394.276190
delpoints	    0.000000	    0.000000	  134.516608	-1381.957567
delpoints	    0.000000	    0.000000	  122.706458	-1494.401474
delpoints	    0.000000	    0.000000	  259.228614	-1473.055822
delpoints	    0.000000	    0.000000	  264.017445	-1431.821992
delpoints	    0.000000	    0.000000	  172.667757	-1365.026909
delpoints	    0.000000	    0.000000	  110.586444	-1415.263107
delpoints	    0.000000	    0.000000	  156.090364	-1519.029321
delpoints	    0.000000	    0.000000	  234.660263	-1506.390138
delpoints	    0.000000	    0.000000	-1736.354766	-1579.627805
delpoints	    0.000000	    0.000000	-1777.631849	-1583.567354
delpoints	    0.000000	    0.000000	-1672.303729	-1672.975236
delpoints	    0.000000	    0.000000	-1811.796308	-1607.142074
delpoints	    0.000000	    0.000000	-1830.065217	-1644.649007
delpoints	    0.000000	    0.000000	-1765.481169	-1737.489052
delpoints	    0.000000	    0.000000	-1724.272508	-1733.995661
delpoints	    0.000000	    0.000000	-1802.828706	-1720.178110
delpoints	    0.000000	    0.000000	-1023.478853	-1595.282632
delpoints	    0.000000	    0.000000	 -944.129081	-1586.512505
delpoints	    0.000000	    0.000000	 -985.419016	-1580.244759
delpoints	    0.000000	    0.000000	 -902.908106	-1691.515905
delpoints	    0.000000	    0.000000	-1049.458138	-1627.876840
delpoints	    0.000000	    0.000000	 -896.447141	-1650.654854
delpoints	    0.000000	    0.000000	-1008.285664	-1733.296286
delpoints	    0.000000	    0.000000	-1040.401328	-1707.767709
delpoints	    0.000000	    0.000000	 -967.617062	-1739.614171
delpoints	    0.000000	    0.000000	  890.241224	-1628.253024
delpoints	    0.000000	    0.000000	  744.527509	-1679.119067
delpoints	    0.000000	    0.000000	  779.163135	-1607.113187
delpoints	    0.000000	    0.000000	  858.877957	-1601.481817
delpoints	    0.000000	    0.000000	  752.295197	-1638.502112
delpoints	    0.000000	    0.000000	  830.102965	-1753.081268
delpoints	    0.000000	    0.000000	  758.016950	-1718.073702
delpoints	    0.000000	    0.000000	  896.280523	-1708.131364
delpoints	    0.000000	    0.000000	  869.124234	-1739.503634
delpoints	    0.000000	    0.000000	 1679.434353	-1689.074008
delpoints	    0.000000	    0.000000	 1520.845514	-1666.716624
delpoints	    0.000000	    0.000000	 1569.973735	-1603.872592
delpoints	    0.000000	    0.000000	 1674.121888	-1647.911922
delpoints	    0.000000	    0.000000	 1610.924729	-1598.722529
delpoints	    0.000000	    0.000000	 1589.114414	-1757.414253
delpoints	    0.000000	    0.000000	 1664.028075	-1727.006821
delpoints	    0.000000	    0.000000	 1526.017914	-1707.905992
delpoints	    0.000000	    0.000000	 1551.545605	-1741.160195
delpoints	    0.000000	    0.000000	 -639.060026	-2257.527317
delpoints	    0.000000	    0.000000	 -598.419823	-2248.973603
delpoints	    0.000000	    0.000000	 -682.366081	-2325.893902
delpoints	    0.000000	    0.000000	 -531.327935	-2291.608726
delpoints	    0.000000	    0.000000	 -565.381254	-2400.372425
delpoints	    0.000000	    0.000000	 -645.288722	-2396.940867
delpoints	    0.000000	    0.000000	 -559.196945	-2260.967401
delpoints	    0.000000	    0.000000	 -534.718166	-2372.477708
delpoints	    0.000000	    0.000000	 -673.487625	-2366.114835
delpoints	    0.000000	    0.000000	  351.000504	-2326.371373
delpoints	    0.000000	    0.000000	  418.035178	-2417.732216
delpoints	    0.000000	    0.000000	  504.628967	-2309.455588
delpoints	    0.000000	    0.000000	  459.017284	-2413.483693
delpoints	    0.000000	    0.000000	  380.120792	-2401.148673
delpoints	    0.000000	    0.000000	  367.792034	-2288.533840
delpoints	    0.000000	    0.000000	  480.138502	-2275.562210
delpoints	    0.000000	    0.000000	  492.633959	-2388.735705
delpoints	    0.000000	    0.000000	  442.259553	-2259.187096
