    P1009 	-3212.980502	208003.570978	  -82.416561	 1982.716110
    P1018 	-16184.170408	185744.812147	 -215.102435	 1760.953605
    P1019 	 9612.057321	185832.308897	   44.351977	 1758.824935
    P1020 	34849.060546	185951.295693	  298.189975	 1756.830935
    P1021 	60135.384191	186426.222499	  552.632060	 1758.121250
    P1041 	-118356.818323	141268.651179	-1246.142962	 1322.351385
    P1051 	137067.958021	141587.136133	 1321.744721	 1299.554883
    P1054 	-182471.214596	118659.760767	-1893.867397	 1097.903490
    P1055 	-157797.793747	120245.947458	-1644.642191	 1112.678065
    P1056 	-130898.535891	118689.823737	-1373.496600	 1095.575703
    P1059 	-54752.418015	119465.641119	 -607.572762	 1098.710405
    P1064 	73493.410246	119361.761242	  680.026604	 1086.203698
    P1067 	150071.188145	120063.926904	 1450.330058	 1083.236623
    P1068 	174148.059084	120870.877373	 1693.156093	 1087.517224
    P1071 	-170524.411683	98666.421844	-1773.879195	  895.706330
    P1072 	-144518.759265	97902.005114	-1511.607586	  886.827930
    P1078 	 9262.100922	96815.893539	   33.534448	  866.605313
    P1084 	161396.690378	98787.473396	 1562.252482	  869.630856
    P1085 	188718.566584	97814.736035	 1837.685415	  855.793022
    P1102 	176232.611218	75339.416612	 1709.587758	  633.837384
    P1106 	-169391.277621	52614.426147	-1764.329730	  431.800110
    P1110 	-68906.112676	53038.549582	 -753.378413	  432.001063
    P1113 	86655.330675	51965.829726	  806.933922	  410.756196
    P1117 	187930.489997	53115.243434	 1825.675533	  410.593890
    P1119 	-207958.494766	30918.463928	-2154.996750	  214.766640
    P1132 	227092.204796	30870.301892	 2219.475111	  182.987792
    P1136 	-118814.857558	 8249.835167	-1257.288390	  -16.120941
    P1141 	136667.856520	 9026.304556	 1306.518117	  -23.885977
    P1158 	226632.947415	-13308.031490	 2212.085193	 -258.207145
    P1160 	-169607.993062	-35100.218249	-1771.866419	 -449.974394
    P1161 	-144152.220680	-35500.763730	-1515.251736	 -454.841221
    P1167 	86470.302717	-36344.037144	  799.782122	 -474.404696
    P1171 	188388.230985	-36121.317673	 1824.778399	 -481.781447
    P1174 	-182192.071859	-58266.602513	-1900.922300	 -682.097113
    P1175 	-156711.368958	-57797.794510	-1643.685063	 -678.297936
    P1176 	-132055.120975	-57628.981600	-1395.205596	 -677.473261
    P1191 	-195210.856319	-80255.196638	-2034.777345	 -902.176005
    P1192 	-170074.685534	-79634.392064	-1780.647929	 -896.946919
    P1193 	-143583.950570	-80221.802068	-1513.440634	 -903.863698
    P1194 	-118584.710247	-80194.451818	-1261.610316	 -904.550336
    P1196 	-67434.199848	-80109.245857	 -747.272681	 -905.737504
    P1197 	-42024.406021	-80043.407284	 -492.104089	 -906.173616
    P1198 	-15220.919332	-81115.656462	 -223.176916	 -918.202673
    P1199 	 9800.201246	-80556.748511	   27.909026	 -913.860369
    P1200 	34801.127429	-79654.745806	  278.795736	 -906.191367
    P1201 	60640.290802	-80430.294554	  538.029726	 -915.592471
    P1202 	86364.018349	-80182.377087	  796.282592	 -914.874334
    P1204 	138324.001108	-81251.306328	 1318.459054	 -929.852793
    P1205 	162576.699981	-80065.249542	 1562.667596	 -920.237951
    P1206 	187691.095661	-80466.660877	 1815.827038	 -926.925914
    P1207 	213569.754104	-79771.775987	 2077.170506	 -922.970723
    P1208 	-182652.564314	-101920.464795	-1910.266713	-1119.932136
    P1209 	-156795.387233	-102292.558327	-1649.074789	-1124.793038
    P1210 	-130725.104333	-103139.520377	-1386.227058	-1134.406525
    P1211 	-106254.967568	-102280.955134	-1139.680388	-1126.829700
    P1212 	-80019.427824	-102646.193549	 -875.791884	-1131.634659
    P1213 	-54222.962070	-102704.627596	 -616.534015	-1133.383137
    P1214 	-28956.479084	-102101.181740	 -362.718728	-1128.516989
    P1215 	-3767.224746	-101979.170965	 -109.833400	-1128.570383
    P1216 	21291.002529	-101452.820332	  141.716637	-1124.654342
    P1217 	47643.172848	-102745.468861	  406.138346	-1139.249553
    P1218 	73593.661265	-102446.138806	  666.721272	-1137.963963
    P1219 	99741.763292	-103564.608903	  929.352403	-1151.150606
    P1220 	124797.432771	-102615.938989	 1181.328124	-1143.645342
    P1221 	150693.510310	-103633.448974	 1441.926675	-1156.233329
    P1222 	175759.361896	-102800.842779	 1694.581610	-1150.361323
    P1223 	201710.297751	-103079.448931	 1956.515061	-1156.045065
    P1224 	-169292.603723	-125036.676703	-1778.161625	-1352.300513
    P1225 	-146163.298736	-124537.921119	-1544.467937	-1348.428713
    P1226 	-118933.555844	-124448.888058	-1269.839049	-1348.835824
    P1227 	-92657.883978	-125151.644586	-1005.289032	-1357.146528
    P1228 	-67942.958168	-124194.700243	 -756.537788	-1348.729148
    P1229 	-41838.135090	-124156.780326	 -494.120606	-1349.654257
    P1231 	 9755.494460	-124947.301703	   24.063266	-1360.419143
    P1233 	59833.331523	-123819.748455	  527.100466	-1352.228010
    P1234 	86335.047656	-125037.759018	  793.319697	-1366.405818
    P1235 	112009.274845	-124781.400855	 1051.499146	-1365.856522
    P1236 	137397.040367	-124488.891047	 1307.030461	-1365.121943
    P1237 	162316.438248	-124039.950838	 1558.138803	-1362.987341
    P1238 	188633.106715	-125313.536679	 1823.633761	-1378.617240
    P1240 	-140323.335447	-153341.840210	-1489.461038	-1637.670959
    P1241 	-105699.531132	-146472.250201	-1139.222056	-1570.624795
    P1243 	-55876.641039	-146262.349664	 -637.591916	-1571.208391
    P1244 	-30345.038299	-145709.861475	 -380.788743	-1567.081884
    P1245 	-3696.923009	-146239.600931	 -112.998419	-1573.978961
    P1246 	21603.118375	-146914.818382	  141.182667	-1582.359240
    P1247 	47859.948144	-146871.064023	  405.057810	-1583.676777
    P1248 	72859.218465	-146775.702057	  656.369703	-1584.522815
    P1250 	124022.171273	-146333.109032	 1171.180743	-1584.254049
    P1251 	150513.112521	-147030.164055	 1438.071550	-1593.777268
    P1253 	-117989.415686	-169344.133704	-1266.373399	-1799.563651
    P1254 	-93658.998333	-168143.287933	-1020.799929	-1788.983261
    P1255 	-68356.474100	-167292.530264	 -765.760148	-1781.961990
    P1256 	-40345.104178	-169769.358865	 -484.093775	-1808.606132
    P1257 	-15938.917498	-168844.285033	 -238.437934	-1800.849109
    P1258 	10674.925349	-170146.856344	   29.094307	-1815.744547
    P1259 	34152.865772	-168237.638923	  265.392424	-1798.139247
    P1260 	60965.241610	-168616.452841	  535.037042	-1803.952260
    P1261 	85227.899646	-168278.220036	  779.195546	-1802.471529
    P1262 	111524.793431	-168794.476634	 1043.930377	-1809.947006
    P1263 	137681.020521	-169995.333838	 1307.462993	-1824.531762
    P1264 	-79594.256112	-191733.388172	 -882.455980	-2026.982185
    P1265 	-53416.883297	-192595.392717	 -618.724057	-2037.471107
    P1266 	-30309.256339	-189779.409240	 -385.594217	-2010.737129
    P1267 	-3068.015370	-191413.813883	 -111.550675	-2029.158804
    P1268 	21940.657513	-190916.477811	  140.226637	-2026.010196
    P1269 	48128.063020	-191264.450261	  403.781489	-2031.574254
    P1270 	74067.012142	-191716.077637	  664.907560	-2038.293757
    P1271 	98902.522130	-191088.639862	  915.148826	-2034.151966
    P1273 	-14664.092338	-214591.405334	 -231.351316	-2261.972742
    P1274 	  110.528591	-221396.418166	  -83.394179	-2331.846888
    P1275 	35988.919098	-213899.203401	  279.095821	-2259.196857
    Q1001 	-51050.062434	221742.369968	 -562.836494	 2126.724759
    Q1005 	50748.141609	222024.856557	  462.636374	 2115.279773
    Q1025 	-166305.537006	155071.420679	-1729.311330	 1464.621839
    Q1028 	-89660.076840	154932.388288	 -956.487922	 1457.987813
    Q1035 	89399.674967	155796.970762	  843.537789	 1448.160164
    Q1038 	165941.597412	156544.371189	 1614.776834	 1443.562444
    Q1045 	-25544.787426	133086.117074	 -313.336536	 1233.291419
    Q1047 	25782.116396	132938.788125	  202.048197	 1227.125420
    Q1074 	-102464.303284	88542.189348	-1088.700818	  790.581625
    Q1082 	102269.005212	88694.732013	  966.474431	  776.486287
    Q1087 	-217550.827265	66618.048096	-2250.502446	  574.543603
    Q1094 	-38312.404297	66086.188770	 -445.633444	  561.471782
    Q1097 	38494.919772	66442.153472	  324.722955	  559.855494
    Q1104 	217144.018721	67070.796180	 2121.826482	  545.256043
    Q1108 	-127939.506357	44702.710508	-1347.081660	  350.689071
    Q1115 	127720.805155	44556.933280	 1218.880846	  332.538688
    Q1134 	-179586.309748	  -24.488035	-1870.064414	  -97.288432
    Q1138 	-76674.603768	  -38.194451	 -834.361048	 -100.952762
    Q1139 	76898.844272	  -79.908805	  705.788339	 -109.838885
    Q1143 	179497.295095	  101.522231	 1737.061126	 -117.937122
    Q1162 	-127821.603957	-44150.135156	-1351.479474	 -542.262452
    Q1169 	127987.261233	-44484.152455	 1216.325792	 -559.513318
    Q1173 	-217686.050325	-66416.774231	-2260.858722	 -762.513168
    Q1180 	-38430.140056	-66295.513596	 -454.972683	 -768.173305
    Q1183 	38067.917432	-66684.158775	  312.398503	 -775.985824
    Q1190 	217475.158615	-66688.971315	 2117.125474	 -792.012114
    Q1195 	-102511.280424	-88645.902199	-1100.655461	 -990.054786
    Q1203 	102535.779574	-88519.464366	  958.264194	 -999.952423
    Q1230 	-25795.666537	-132876.870266	 -333.767745	-1438.214404
    Q1232 	25820.397454	-133146.102357	  184.732672	-1443.938504
    Q1239 	-166164.907538	-155570.149706	-1751.001168	-1658.515885
    Q1242 	-89405.483995	-155247.361778	 -976.189986	-1659.663411
    Q1249 	89596.673992	-155430.129990	  824.094959	-1673.135113
    Q1252 	166622.330394	-155192.490058	 1600.198081	-1677.859214
    Q1272 	-51351.794887	-221509.899715	 -602.295745	-2328.721256
    Q1276 	51061.859311	-221589.200991	  430.111387	-2338.266015
nouse	-191949.814014	-21708.095861	-1996.440965	 -314.748272
nouse	-64545.347383	-21995.478534	 -713.980548	 -322.014454
nouse	102519.639218	 -347.359975	  962.901395	 -114.595363
nouse	166577.308418	-21963.239722	 1605.702624	 -337.419006
nouse	-102716.921940	-44407.385449	-1098.964721	 -545.727124
nouse	115463.204078	-22658.166135	 1091.632434	 -339.408415
nouse	-204688.273708	-44356.952637	-2127.104949	 -541.707495
nouse	-64137.559396	-66169.088804	 -713.030286	 -765.811992
nouse	12809.807666	-66686.120909	   59.045417	 -774.584118
nouse	204887.555898	-44829.609465	 1990.859002	 -571.075148
nouse	-89604.791414	-66646.830522	 -968.920605	 -769.602701
nouse	89766.871574	-67109.195701	  831.181725	 -783.686902
nouse	115436.309087	-66668.811171	 1089.049605	 -781.269182
nouse	192089.782106	-22252.290439	 1862.792413	 -343.235446
nouse	102324.313819	-44301.485460	  958.509185	 -555.519671
nouse	140968.790041	-22549.251585	 1347.980014	 -340.661454
nouse	140665.462155	-66555.679066	 1342.719611	 -782.334981
nouse	204582.833555	  426.418683	 1990.081825	 -117.839205
nouse	153690.115247	 -446.752219	 1477.165834	 -120.506546
nouse	-51514.134349	-44302.785236	 -584.696224	 -546.641224
nouse	153230.470986	-44828.537580	 1470.194540	 -565.342898
nouse	-76834.501601	-43878.873160	 -838.860142	 -541.375332
nouse	-102403.666124	  641.357032	-1092.758051	  -93.160770
nouse	-204760.635243	  116.254787	-2124.435640	  -95.069662
nouse	-153564.182078	 -569.623237	-1607.642825	 -103.599260
nouse	-10117.585573	-59711.126647	 -170.450898	 -703.316272
nouse	-115118.106216	-66350.751644	-1225.468926	 -765.668005
nouse	51016.399116	-43997.083763	  443.647030	 -548.816151
nouse	-217581.028745	-21520.305127	-2255.724316	 -312.010624
nouse	63995.993808	-66214.065471	  572.556874	 -772.885375
nouse	-166199.189108	-21756.516578	-1736.462363	 -316.069587
nouse	-140767.226284	-22205.368729	-1480.177437	 -321.405763
nouse	191856.564144	-66482.840177	 1858.418618	 -786.863438
nouse	-115095.978033	-22462.354915	-1221.851380	 -324.847955
nouse	166634.403826	-67030.764026	 1604.118720	 -789.636251
nouse	-89453.455631	-22442.877750	 -964.116101	 -325.559857
nouse	64186.695992	-22585.081487	  576.978545	 -334.694530
nouse	89434.272745	-22778.685698	  830.281451	 -338.482445
delpoints	    0.000000	    0.000000	 -563.856810	 2046.972419
delpoints	    0.000000	    0.000000	 -524.111632	 2056.775973
delpoints	    0.000000	    0.000000	 -603.606215	 2058.062549
delpoints	    0.000000	    0.000000	 -482.989613	 2125.276874
delpoints	    0.000000	    0.000000	 -642.825071	 2128.376917
delpoints	    0.000000	    0.000000	 -493.144031	 2165.461412
delpoints	    0.000000	    0.000000	 -631.008134	 2167.771900
delpoints	    0.000000	    0.000000	 -601.680322	 2196.579138
delpoints	    0.000000	    0.000000	 -561.635660	 2206.693749
delpoints	    0.000000	    0.000000	  474.016832	 2035.758346
delpoints	    0.000000	    0.000000	  433.163229	 2040.756813
delpoints	    0.000000	    0.000000	  512.036727	 2052.593030
delpoints	    0.000000	    0.000000	  383.836140	 2103.439962
delpoints	    0.000000	    0.000000	  541.582615	 2127.349526
delpoints	    0.000000	    0.000000	  388.380382	 2144.635138
delpoints	    0.000000	    0.000000	  525.137272	 2165.255148
delpoints	    0.000000	    0.000000	  412.978497	 2178.438857
delpoints	    0.000000	    0.000000	  450.828883	 2194.462459
delpoints	    0.000000	    0.000000	-1747.314164	 1386.863510
delpoints	    0.000000	    0.000000	-1705.996718	 1388.108350
delpoints	    0.000000	    0.000000	-1784.140220	 1405.985038
delpoints	    0.000000	    0.000000	-1650.918851	 1446.234032
delpoints	    0.000000	    0.000000	-1807.395542	 1482.899854
delpoints	    0.000000	    0.000000	-1652.739692	 1487.499631
delpoints	    0.000000	    0.000000	-1787.905877	 1519.571625
delpoints	    0.000000	    0.000000	-1752.357040	 1540.969124
delpoints	    0.000000	    0.000000	-1711.185310	 1542.696919
delpoints	    0.000000	    0.000000	 -939.945904	 1380.110574
delpoints	    0.000000	    0.000000	 -903.272400	 1398.294567
delpoints	    0.000000	    0.000000	-1015.982012	 1404.769248
delpoints	    0.000000	    0.000000	-1034.680018	 1441.792692
delpoints	    0.000000	    0.000000	 -878.479747	 1473.911097
delpoints	    0.000000	    0.000000	-1032.295078	 1482.850642
delpoints	    0.000000	    0.000000	 -896.885183	 1511.221240
delpoints	    0.000000	    0.000000	 -931.497707	 1533.884581
delpoints	    0.000000	    0.000000	 -972.646597	 1535.960666
delpoints	    0.000000	    0.000000	  869.532736	 1372.864522
delpoints	    0.000000	    0.000000	  791.229369	 1387.624567
delpoints	    0.000000	    0.000000	  904.035415	 1395.884974
delpoints	    0.000000	    0.000000	  768.236202	 1421.573087
delpoints	    0.000000	    0.000000	  922.004660	 1433.559920
delpoints	    0.000000	    0.000000	  918.883772	 1474.637672
delpoints	    0.000000	    0.000000	  783.165126	 1500.205662
delpoints	    0.000000	    0.000000	  817.167829	 1523.543862
delpoints	    0.000000	    0.000000	  858.120830	 1526.743923
delpoints	    0.000000	    0.000000	 1618.373121	 1363.624889
delpoints	    0.000000	    0.000000	 1577.935239	 1372.540859
delpoints	    0.000000	    0.000000	 1658.055016	 1376.237853
delpoints	    0.000000	    0.000000	 1534.673422	 1439.553895
delpoints	    0.000000	    0.000000	 1694.878491	 1447.518801
delpoints	    0.000000	    0.000000	 1543.631182	 1480.351793
delpoints	    0.000000	    0.000000	 1682.180686	 1486.824070
delpoints	    0.000000	    0.000000	 1571.426764	 1510.899692
delpoints	    0.000000	    0.000000	 1611.194707	 1523.380496
delpoints	    0.000000	    0.000000	 -301.133400	 1154.218452
delpoints	    0.000000	    0.000000	 -342.124434	 1158.828182
delpoints	    0.000000	    0.000000	 -263.454814	 1170.890599
delpoints	    0.000000	    0.000000	 -392.077933	 1221.087002
delpoints	    0.000000	    0.000000	 -234.488139	 1244.994748
delpoints	    0.000000	    0.000000	 -387.807341	 1262.271356
delpoints	    0.000000	    0.000000	 -250.769746	 1282.994996
delpoints	    0.000000	    0.000000	 -363.078908	 1295.911168
delpoints	    0.000000	    0.000000	 -325.452789	 1312.231759
delpoints	    0.000000	    0.000000	  207.442478	 1147.490361
delpoints	    0.000000	    0.000000	  246.243643	 1160.806565
delpoints	    0.000000	    0.000000	  135.597749	 1182.656689
delpoints	    0.000000	    0.000000	  122.547754	 1221.750218
delpoints	    0.000000	    0.000000	  281.776356	 1231.881237
delpoints	    0.000000	    0.000000	  130.479242	 1262.505877
delpoints	    0.000000	    0.000000	  237.546677	 1298.655940
delpoints	    0.000000	    0.000000	  197.120111	 1306.713712
delpoints	    0.000000	    0.000000	-1092.640142	  710.994893
delpoints	    0.000000	    0.000000	-1132.154886	  723.521268
delpoints	    0.000000	    0.000000	-1021.760913	  746.987318
delpoints	    0.000000	    0.000000	-1008.721659	  786.128438
delpoints	    0.000000	    0.000000	-1168.730905	  794.934282
delpoints	    0.000000	    0.000000	-1017.160358	  826.762437
delpoints	    0.000000	    0.000000	-1155.463331	  834.221717
delpoints	    0.000000	    0.000000	-1044.966142	  856.907061
delpoints	    0.000000	    0.000000	-1124.574514	  862.115181
delpoints	    0.000000	    0.000000	 1004.232329	  705.830997
delpoints	    0.000000	    0.000000	  924.127239	  708.861111
delpoints	    0.000000	    0.000000	 1034.310547	  734.247080
delpoints	    0.000000	    0.000000	  896.083167	  738.691692
delpoints	    0.000000	    0.000000	 1046.178368	  773.952344
delpoints	    0.000000	    0.000000	  886.589077	  778.963776
delpoints	    0.000000	    0.000000	  898.544292	  818.669486
delpoints	    0.000000	    0.000000	 1008.628752	  844.486789
delpoints	    0.000000	    0.000000	  968.866931	  856.315241
delpoints	    0.000000	    0.000000	-2233.927786	  496.401074
delpoints	    0.000000	    0.000000	-2275.314350	  498.559034
delpoints	    0.000000	    0.000000	-2310.530055	  520.971641
delpoints	    0.000000	    0.000000	-2174.374571	  549.771044
delpoints	    0.000000	    0.000000	-2171.644000	  591.015089
delpoints	    0.000000	    0.000000	-2326.764308	  599.362004
delpoints	    0.000000	    0.000000	-2304.114603	  633.970641
delpoints	    0.000000	    0.000000	-2225.694791	  650.382408
delpoints	    0.000000	    0.000000	-2267.202400	  652.958310
delpoints	    0.000000	    0.000000	 -446.017915	  481.622421
delpoints	    0.000000	    0.000000	 -406.291521	  492.409179
delpoints	    0.000000	    0.000000	 -515.106092	  522.024233
delpoints	    0.000000	    0.000000	 -365.994680	  560.683725
delpoints	    0.000000	    0.000000	 -524.928139	  561.983638
delpoints	    0.000000	    0.000000	 -376.342453	  600.524886
delpoints	    0.000000	    0.000000	 -514.284571	  601.839172
delpoints	    0.000000	    0.000000	 -405.146776	  630.150294
delpoints	    0.000000	    0.000000	 -445.001728	  641.294394
delpoints	    0.000000	    0.000000	  331.118515	  480.259320
delpoints	    0.000000	    0.000000	  290.373895	  488.147710
delpoints	    0.000000	    0.000000	  369.672414	  493.839984
delpoints	    0.000000	    0.000000	  244.779672	  553.537897
delpoints	    0.000000	    0.000000	  404.651309	  565.933238
delpoints	    0.000000	    0.000000	  252.731048	  594.455715
delpoints	    0.000000	    0.000000	  390.478618	  604.701610
delpoints	    0.000000	    0.000000	  279.721776	  625.559419
delpoints	    0.000000	    0.000000	  318.731312	  639.502389
delpoints	    0.000000	    0.000000	 2087.173300	  473.413793
delpoints	    0.000000	    0.000000	 2167.526070	  479.840681
delpoints	    0.000000	    0.000000	 2055.961767	  499.842804
delpoints	    0.000000	    0.000000	 2194.214769	  510.859483
delpoints	    0.000000	    0.000000	 2041.995962	  539.285948
delpoints	    0.000000	    0.000000	 2201.839478	  551.794284
delpoints	    0.000000	    0.000000	 2049.231835	  579.695270
delpoints	    0.000000	    0.000000	 2156.333649	  617.302053
delpoints	    0.000000	    0.000000	 2115.550406	  624.630156
delpoints	    0.000000	    0.000000	-1306.986506	  281.505937
delpoints	    0.000000	    0.000000	-1387.100170	  281.579457
delpoints	    0.000000	    0.000000	-1416.203973	  310.546416
delpoints	    0.000000	    0.000000	-1277.951864	  311.050275
delpoints	    0.000000	    0.000000	-1426.838967	  350.327751
delpoints	    0.000000	    0.000000	-1267.159967	  351.128403
delpoints	    0.000000	    0.000000	-1416.277238	  390.332654
delpoints	    0.000000	    0.000000	-1307.466869	  419.806469
delpoints	    0.000000	    0.000000	-1347.533148	  430.813013
delpoints	    0.000000	    0.000000	 1221.963921	  253.058037
delpoints	    0.000000	    0.000000	 1261.452869	  265.123988
delpoints	    0.000000	    0.000000	 1151.165608	  289.888074
delpoints	    0.000000	    0.000000	 1289.749972	  295.370383
delpoints	    0.000000	    0.000000	 1138.767163	  329.278334
delpoints	    0.000000	    0.000000	 1298.823671	  336.114466
delpoints	    0.000000	    0.000000	 1176.211073	  399.752114
delpoints	    0.000000	    0.000000	 1256.100401	  403.438600
delpoints	    0.000000	    0.000000	 1215.869854	  412.100864
delpoints	    0.000000	    0.000000	-1877.809136	 -176.779047
delpoints	    0.000000	    0.000000	-1837.144233	 -170.058652
delpoints	    0.000000	    0.000000	-1916.581838	 -162.449573
delpoints	    0.000000	    0.000000	-1790.283377	 -104.789450
delpoints	    0.000000	    0.000000	-1949.793586	  -89.784541
delpoints	    0.000000	    0.000000	-1797.017029	  -64.156643
delpoints	    0.000000	    0.000000	-1935.445589	  -50.698328
delpoints	    0.000000	    0.000000	-1903.580134	  -24.876628
delpoints	    0.000000	    0.000000	-1862.515256	  -17.907479
delpoints	    0.000000	    0.000000	 -862.567886	 -175.346102
delpoints	    0.000000	    0.000000	 -784.112380	 -163.104309
delpoints	    0.000000	    0.000000	 -896.198285	 -151.720185
delpoints	    0.000000	    0.000000	 -759.669947	 -129.105610
delpoints	    0.000000	    0.000000	 -755.457462	  -88.553777
delpoints	    0.000000	    0.000000	 -909.098309	  -72.819610
delpoints	    0.000000	    0.000000	 -772.420286	  -50.766769
delpoints	    0.000000	    0.000000	 -884.923064	  -39.314492
delpoints	    0.000000	    0.000000	 -846.909043	  -22.047675
delpoints	    0.000000	    0.000000	  687.174482	 -187.425711
delpoints	    0.000000	    0.000000	  728.585085	 -186.214940
delpoints	    0.000000	    0.000000	  629.218450	 -132.592546
delpoints	    0.000000	    0.000000	  783.545555	 -128.134039
delpoints	    0.000000	    0.000000	  628.115349	  -91.295205
delpoints	    0.000000	    0.000000	  782.133937	  -86.858497
delpoints	    0.000000	    0.000000	  647.636320	  -55.354604
delpoints	    0.000000	    0.000000	  760.847721	  -51.925141
delpoints	    0.000000	    0.000000	  724.601176	  -32.349008
delpoints	    0.000000	    0.000000	 1749.028705	 -196.872478
delpoints	    0.000000	    0.000000	 1707.806754	 -192.398542
delpoints	    0.000000	    0.000000	 1787.241536	 -180.201815
delpoints	    0.000000	    0.000000	 1657.976905	 -129.842570
delpoints	    0.000000	    0.000000	 1816.459464	 -106.157202
delpoints	    0.000000	    0.000000	 1662.413690	  -88.609312
delpoints	    0.000000	    0.000000	 1799.496047	  -68.141878
delpoints	    0.000000	    0.000000	 1686.976376	  -55.620902
delpoints	    0.000000	    0.000000	 1725.075270	  -39.018797
delpoints	    0.000000	    0.000000	-1381.123246	 -616.573881
delpoints	    0.000000	    0.000000	-1302.251406	 -604.990467
delpoints	    0.000000	    0.000000	-1414.702271	 -591.292141
delpoints	    0.000000	    0.000000	-1277.183812	 -571.916649
delpoints	    0.000000	    0.000000	-1430.598258	 -554.039319
delpoints	    0.000000	    0.000000	-1288.510601	 -492.653807
delpoints	    0.000000	    0.000000	-1401.015430	 -479.489314
delpoints	    0.000000	    0.000000	-1321.848928	 -467.994072
delpoints	    0.000000	    0.000000	-1362.844074	 -463.339039
delpoints	    0.000000	    0.000000	 1219.867787	 -639.380360
delpoints	    0.000000	    0.000000	 1179.609005	 -630.208647
delpoints	    0.000000	    0.000000	 1259.629737	 -626.879520
delpoints	    0.000000	    0.000000	 1136.299931	 -562.874923
delpoints	    0.000000	    0.000000	 1295.975406	 -555.958343
delpoints	    0.000000	    0.000000	 1145.725218	 -522.423097
delpoints	    0.000000	    0.000000	 1283.706582	 -516.489134
delpoints	    0.000000	    0.000000	 1173.600402	 -491.971922
delpoints	    0.000000	    0.000000	 1213.032148	 -479.648109
delpoints	    0.000000	    0.000000	-2331.481744	 -724.870890
delpoints	    0.000000	    0.000000	-2192.571095	 -720.635779
delpoints	    0.000000	    0.000000	-2302.445906	 -694.563787
delpoints	    0.000000	    0.000000	-2262.836698	 -682.335153
delpoints	    0.000000	    0.000000	-2341.190226	 -765.125532
delpoints	    0.000000	    0.000000	-2180.655738	 -760.110739
delpoints	    0.000000	    0.000000	-2258.890172	 -842.264756
delpoints	    0.000000	    0.000000	-2299.031245	 -833.095027
delpoints	    0.000000	    0.000000	-2218.773246	 -830.526363
delpoints	    0.000000	    0.000000	 -508.316253	 -708.772359
delpoints	    0.000000	    0.000000	 -471.302753	 -690.291699
delpoints	    0.000000	    0.000000	 -530.858940	 -743.779336
delpoints	    0.000000	    0.000000	 -377.008546	 -751.513828
delpoints	    0.000000	    0.000000	 -479.498801	 -844.165651
delpoints	    0.000000	    0.000000	 -395.513179	 -714.760622
delpoints	    0.000000	    0.000000	 -401.667989	 -827.551623
delpoints	    0.000000	    0.000000	 -514.198867	 -821.434153
delpoints	    0.000000	    0.000000	 -379.430677	 -793.069818
delpoints	    0.000000	    0.000000	  233.851960	 -791.033500
delpoints	    0.000000	    0.000000	  372.879858	 -723.905780
delpoints	    0.000000	    0.000000	  390.918649	 -761.073172
delpoints	    0.000000	    0.000000	  297.568125	 -697.872765
delpoints	    0.000000	    0.000000	  237.001557	 -749.850790
delpoints	    0.000000	    0.000000	  260.228531	 -715.694304
delpoints	    0.000000	    0.000000	  364.401143	 -836.269619
delpoints	    0.000000	    0.000000	  327.586414	 -854.355945
delpoints	    0.000000	    0.000000	  286.109466	 -851.077335
delpoints	    0.000000	    0.000000	 2197.294998	 -790.459057
delpoints	    0.000000	    0.000000	 2047.206837	 -753.096709
delpoints	    0.000000	    0.000000	 2185.565775	 -750.617550
delpoints	    0.000000	    0.000000	 2075.720211	 -723.454859
delpoints	    0.000000	    0.000000	 2115.596661	 -711.829825
delpoints	    0.000000	    0.000000	 2118.732109	 -872.084439
delpoints	    0.000000	    0.000000	 2078.391990	 -862.221819
delpoints	    0.000000	    0.000000	 2158.424432	 -860.548569
delpoints	    0.000000	    0.000000	 2037.059685	 -793.088665
delpoints	    0.000000	    0.000000	-1174.799778	 -959.943764
delpoints	    0.000000	    0.000000	-1037.535817	 -941.043973
delpoints	    0.000000	    0.000000	-1149.724300	 -927.135632
delpoints	    0.000000	    0.000000	-1111.578179	 -910.943930
delpoints	    0.000000	    0.000000	-1089.718843	-1069.270344
delpoints	    0.000000	    0.000000	-1130.923315	-1064.097889
delpoints	    0.000000	    0.000000	-1051.871336	-1053.025761
delpoints	    0.000000	    0.000000	-1179.764997	-1001.063941
delpoints	    0.000000	    0.000000	-1021.348993	 -978.972636
delpoints	    0.000000	    0.000000	  897.366197	 -948.205869
delpoints	    0.000000	    0.000000	  931.380999	 -924.580043
delpoints	    0.000000	    0.000000	  972.344040	 -921.196199
delpoints	    0.000000	    0.000000	  906.824071	-1061.198577
delpoints	    0.000000	    0.000000	 1036.579510	-1014.401344
delpoints	    0.000000	    0.000000	  879.966734	 -985.863662
delpoints	    0.000000	    0.000000	 1033.455535	 -972.800086
delpoints	    0.000000	    0.000000	  944.277579	-1078.794330
delpoints	    0.000000	    0.000000	  985.544780	-1075.048783
delpoints	    0.000000	    0.000000	 -314.826036	-1360.624709
delpoints	    0.000000	    0.000000	 -276.369077	-1493.621100
delpoints	    0.000000	    0.000000	 -410.531866	-1460.621052
delpoints	    0.000000	    0.000000	 -256.334882	-1457.343974
delpoints	    0.000000	    0.000000	 -411.074058	-1418.948134
delpoints	    0.000000	    0.000000	 -356.242599	-1361.378906
delpoints	    0.000000	    0.000000	 -256.757700	-1415.936462
delpoints	    0.000000	    0.000000	 -352.840350	-1515.941053
delpoints	    0.000000	    0.000000	 -389.324521	-1495.872264
delpoints	    0.000000	    0.000000	  247.011976	-1394.011193
delpoints	    0.000000	    0.000000	  134.457314	-1381.760960
delpoints	    0.000000	    0.000000	  122.681907	-1494.181932
delpoints	    0.000000	    0.000000	  259.066620	-1472.851211
delpoints	    0.000000	    0.000000	  263.919618	-1431.660765
delpoints	    0.000000	    0.000000	  172.676421	-1364.824527
delpoints	    0.000000	    0.000000	  110.517235	-1415.061850
delpoints	    0.000000	    0.000000	  156.035502	-1518.886415
delpoints	    0.000000	    0.000000	  234.532468	-1506.122627
delpoints	    0.000000	    0.000000	-1736.360215	-1579.361984
delpoints	    0.000000	    0.000000	-1777.474642	-1583.230893
delpoints	    0.000000	    0.000000	-1672.207321	-1672.770884
delpoints	    0.000000	    0.000000	-1811.795816	-1606.938751
delpoints	    0.000000	    0.000000	-1830.038934	-1644.295135
delpoints	    0.000000	    0.000000	-1765.415103	-1737.213611
delpoints	    0.000000	    0.000000	-1724.164955	-1733.787522
delpoints	    0.000000	    0.000000	-1802.749917	-1719.965416
delpoints	    0.000000	    0.000000	-1023.466139	-1595.043166
delpoints	    0.000000	    0.000000	 -944.215477	-1586.241316
delpoints	    0.000000	    0.000000	 -985.435169	-1580.028814
delpoints	    0.000000	    0.000000	 -902.936386	-1691.294089
delpoints	    0.000000	    0.000000	-1049.497790	-1627.673256
delpoints	    0.000000	    0.000000	 -896.452208	-1650.376572
delpoints	    0.000000	    0.000000	-1008.312874	-1733.069456
delpoints	    0.000000	    0.000000	-1040.380647	-1707.575333
delpoints	    0.000000	    0.000000	 -967.683619	-1739.413030
delpoints	    0.000000	    0.000000	  890.123609	-1628.017054
delpoints	    0.000000	    0.000000	  744.333462	-1678.831009
delpoints	    0.000000	    0.000000	  779.070906	-1606.936457
delpoints	    0.000000	    0.000000	  858.743461	-1601.235646
delpoints	    0.000000	    0.000000	  752.177894	-1638.251827
delpoints	    0.000000	    0.000000	  830.072026	-1752.884912
delpoints	    0.000000	    0.000000	  757.942527	-1717.923702
delpoints	    0.000000	    0.000000	  896.174217	-1707.965210
delpoints	    0.000000	    0.000000	  868.991534	-1739.193387
delpoints	    0.000000	    0.000000	 1679.381058	-1688.926818
delpoints	    0.000000	    0.000000	 1520.771523	-1666.521870
delpoints	    0.000000	    0.000000	 1569.919255	-1603.726799
delpoints	    0.000000	    0.000000	 1674.065710	-1647.668246
delpoints	    0.000000	    0.000000	 1610.839993	-1598.484679
delpoints	    0.000000	    0.000000	 1589.054370	-1757.205441
delpoints	    0.000000	    0.000000	 1663.953002	-1726.836291
delpoints	    0.000000	    0.000000	 1525.975918	-1707.720046
delpoints	    0.000000	    0.000000	 1551.473318	-1740.942675
delpoints	    0.000000	    0.000000	 -639.102267	-2257.147068
delpoints	    0.000000	    0.000000	 -598.435848	-2248.650614
delpoints	    0.000000	    0.000000	 -682.369462	-2325.600663
delpoints	    0.000000	    0.000000	 -531.400525	-2291.296570
delpoints	    0.000000	    0.000000	 -565.414851	-2400.068466
delpoints	    0.000000	    0.000000	 -645.245843	-2396.619381
delpoints	    0.000000	    0.000000	 -534.729950	-2372.192270
delpoints	    0.000000	    0.000000	 -559.193153	-2260.741195
delpoints	    0.000000	    0.000000	 -673.570086	-2365.909300
delpoints	    0.000000	    0.000000	  350.919446	-2325.988938
delpoints	    0.000000	    0.000000	  417.935983	-2417.497151
delpoints	    0.000000	    0.000000	  504.506520	-2309.199075
delpoints	    0.000000	    0.000000	  458.968768	-2413.182298
delpoints	    0.000000	    0.000000	  380.004172	-2400.827135
delpoints	    0.000000	    0.000000	  367.658783	-2288.246784
delpoints	    0.000000	    0.000000	  480.039231	-2275.322527
delpoints	    0.000000	    0.000000	  492.548864	-2388.431380
delpoints	    0.000000	    0.000000	  442.101297	-2258.875598
