    P1009 	-12806.777914	199534.677604	 -180.043208	 1898.992039
    P1018 	-25561.328203	177124.505881	 -310.366784	 1675.501478
    P1019 	  287.337047	177097.617844	  -50.448751	 1672.422572
    P1020 	25800.016628	176976.328538	  206.059221	 1668.199594
    P1021 	51309.193072	177234.152232	  462.612380	 1667.514531
    P1041 	-127733.377752	132687.784658	-1341.269631	 1236.580881
    P1051 	127474.384996	133092.800403	 1224.037592	 1216.419630
    P1054 	-192069.789876	110397.154400	-1991.512849	 1015.108234
    P1055 	-166202.436144	110755.084847	-1730.123421	 1017.520482
    P1056 	-140630.888087	110548.405486	-1472.188118	 1014.186543
    P1059 	-63652.700194	110347.444868	 -697.721881	 1007.786102
    P1064 	64244.911074	110559.218102	  586.244545	  999.270596
    P1067 	141076.543222	110938.398302	 1358.674179	  993.671282
    P1068 	166102.939240	111365.969862	 1610.857578	  994.255319
    P1071 	-178875.844487	88961.996369	-1858.892303	  798.375403
    P1072 	-153310.554832	88790.233932	-1600.901459	  795.567624
    P1078 	  309.907889	88666.574881	  -56.979659	  785.674199
    P1084 	153195.109420	88982.207913	 1478.605684	  773.102549
    P1085 	179409.835751	89006.882630	 1742.790942	  769.592663
    P1102 	166387.245513	67276.692481	 1609.595133	  554.835339
    P1106 	-179434.143446	44857.544211	-1866.385631	  354.180508
    P1110 	-77045.213384	44015.031848	 -835.790398	  341.794552
    P1113 	76889.522743	43765.366530	  708.284213	  329.573944
    P1117 	178593.588182	44115.018037	 1730.783110	  322.068109
    P1119 	-217215.381479	22244.806074	-2249.561975	  127.875702
    P1132 	217636.170904	22516.201926	 2123.255970	  101.034615
    P1136 	-128149.764482	  -73.849650	-1351.972924	  -99.412399
    P1141 	127851.978351	 -219.439234	 1217.311745	 -115.631457
    P1158 	217437.126188	-22338.353429	 2118.656875	 -347.382437
    P1160 	-178874.657509	-43856.963758	-1866.496813	 -537.639916
    P1161 	-153770.749289	-43797.465631	-1613.161161	 -537.886489
    P1167 	76735.557072	-44301.086194	  701.596298	 -553.665890
    P1171 	178778.716848	-44518.188255	 1727.501888	 -564.999173
    P1174 	-192023.110535	-66407.863537	-2001.486036	 -763.536430
    P1175 	-166283.655473	-66247.018772	-1741.392956	 -762.867381
    P1176 	-140752.397959	-66621.393145	-1483.914073	 -767.548526
    P1191 	-204707.504839	-88781.012035	-2132.326656	 -987.440479
    P1192 	-179486.569259	-88322.509588	-1877.062362	 -983.891317
    P1193 	-153531.278669	-88332.132180	-1614.926643	 -985.028437
    P1194 	-128135.102891	-88573.875269	-1358.889292	 -988.459598
    P1196 	-77036.615365	-88439.373318	 -844.685472	 -989.176245
    P1197 	-51132.442495	-88888.244448	 -584.446053	 -994.806080
    P1198 	-25641.040670	-88254.031262	 -328.433645	 -989.605458
    P1199 	  439.779389	-89246.334606	  -66.738459	-1000.888667
    P1200 	25668.765926	-88561.148672	  186.490654	 -995.377451
    P1201 	51306.626917	-88977.922295	  443.766562	-1001.115711
    P1202 	76830.693644	-88723.368233	  700.027962	-1000.258174
    P1204 	128024.140551	-88699.363668	 1214.485393	-1004.021355
    P1205 	153118.556620	-88698.101461	 1467.037545	-1006.303240
    P1206 	179110.218481	-89146.790420	 1728.947636	-1013.456313
    P1207 	204819.709617	-88950.793474	 1988.454650	-1014.380053
    P1208 	-191698.974758	-110996.104908	-2003.374998	-1210.732018
    P1209 	-166169.901821	-110943.136160	-1745.155930	-1211.374427
    P1210 	-140481.716963	-111296.151379	-1485.843622	-1216.062076
    P1211 	-115317.803899	-111003.934428	-1232.138014	-1214.237287
    P1212 	-89599.408929	-110971.750372	 -973.207099	-1215.055740
    P1213 	-64218.737747	-110444.512250	 -717.894910	-1210.913479
    P1214 	-38330.670881	-110639.054789	 -457.759293	-1214.103778
    P1215 	-12817.398060	-110636.298028	 -201.511574	-1215.369669
    P1216 	13081.535947	-111225.581224	   58.485679	-1222.714900
    P1217 	38325.788159	-111408.883595	  311.932998	-1226.060870
    P1218 	64018.627586	-110984.008676	  569.976919	-1223.454178
    P1219 	89645.242573	-111459.939323	  827.411259	-1230.082501
    P1220 	115300.835766	-111097.953388	 1085.366307	-1228.464355
    P1221 	140581.988042	-110993.267089	 1339.778569	-1229.617907
    P1222 	166395.586183	-111483.622507	 1599.832463	-1237.052470
    P1223 	191733.362740	-111099.976604	 1855.498835	-1235.892480
    P1224 	-178844.215986	-133335.903475	-1876.345656	-1435.304253
    P1225 	-153672.890629	-133308.801280	-1621.814185	-1436.325245
    P1226 	-128076.493439	-133270.409429	-1363.415523	-1437.219284
    P1227 	-102470.573859	-133250.197988	-1105.293419	-1438.283312
    P1228 	-76871.685699	-133191.957022	 -847.542455	-1438.974612
    P1229 	-51288.332679	-132804.471938	 -590.153376	-1436.385642
    P1231 	 -117.853447	-133110.749343	  -75.912819	-1442.270979
    P1233 	51247.645662	-132993.543977	  440.138604	-1444.310081
    P1234 	76641.151235	-133288.143818	  695.320763	-1449.077740
    P1235 	102383.350167	-133292.629180	  954.173965	-1451.116532
    P1236 	127834.516343	-132703.861528	 1210.339656	-1447.339888
    P1237 	153634.233393	-133291.145449	 1470.226457	-1455.674009
    P1238 	179037.232372	-133570.010046	 1726.473730	-1461.099468
    P1240 	-140726.815486	-155352.767504	-1494.181986	-1658.180351
    P1241 	-115104.180077	-155126.430748	-1235.496000	-1657.350076
    P1243 	-63711.862118	-155554.161725	 -717.717455	-1664.531676
    P1244 	-38169.320874	-155741.740461	 -460.712975	-1667.894163
    P1245 	-12751.917733	-155391.836875	 -205.051393	-1665.894789
    P1246 	12487.532364	-155681.474861	   48.673995	-1670.403110
    P1247 	38415.957257	-155311.048345	  309.370917	-1668.405838
    P1248 	63786.125922	-155615.954732	  564.442027	-1673.304691
    P1250 	115185.634091	-155266.739480	 1081.683832	-1673.943504
    P1251 	141011.086371	-155313.293562	 1341.885586	-1676.790005
    P1253 	-127872.855000	-177126.324053	-1367.708991	-1877.473796
    P1254 	-102002.804024	-177813.123385	-1106.628100	-1886.017726
    P1255 	-76694.334872	-176852.126515	 -851.275641	-1877.957451
    P1256 	-50780.673714	-177084.691356	 -590.242867	-1881.945556
    P1257 	-25444.251650	-177216.267189	 -335.186002	-1884.919199
    P1258 	  -66.190973	-177092.003834	  -79.791811	-1885.376084
    P1259 	25539.677240	-177455.646341	  177.791859	-1890.849807
    P1260 	51538.996302	-177108.979300	  439.419407	-1889.292276
    P1261 	76434.517255	-177371.491199	  689.958658	-1893.924770
    P1262 	102414.976731	-177710.678060	  951.559284	-1899.573865
    P1263 	127859.121281	-177947.112356	 1207.977441	-1904.315432
    P1264 	-89241.791935	-199987.304245	 -981.343572	-2109.750960
    P1265 	-63771.855948	-199924.090530	 -724.380500	-2110.944301
    P1266 	-38003.832019	-199828.058440	 -464.622211	-2111.841747
    P1267 	-12853.734672	-199669.017691	 -211.232577	-2112.093739
    P1268 	12748.125719	-199808.382293	   46.584819	-2115.447521
    P1269 	38541.021948	-199587.750844	  306.346475	-2115.265886
    P1270 	64081.705864	-199628.653518	  563.581428	-2117.810837
    P1271 	89462.437860	-199663.430231	  819.312891	-2120.408858
    P1273 	-25144.172739	-221788.632671	 -338.188272	-2334.194664
    P1274 	  105.266825	-221447.644738	  -83.568283	-2332.855889
    P1275 	25863.346368	-221785.513042	  176.031426	-2338.475266
    Q1001 	-51049.663944	221740.092077	 -563.065810	 2126.701422
    Q1005 	50752.293535	222031.701876	  462.475798	 2115.338290
    Q1025 	-166310.989257	155072.213054	-1729.672607	 1464.739066
    Q1028 	-89655.482181	154928.585018	 -956.682883	 1458.056741
    Q1035 	89394.984893	155793.001370	  843.331514	 1448.184275
    Q1038 	165939.477002	156545.645472	 1614.608878	 1443.622903
    Q1045 	-25546.500355	133084.003176	 -313.547388	 1233.378550
    Q1047 	25779.007864	132934.573535	  201.849306	 1227.176164
    Q1074 	-102463.659213	88547.731083	-1088.936825	  790.765962
    Q1082 	102265.461705	88690.047669	  966.325034	  776.505014
    Q1087 	-217549.430220	66620.951196	-2250.882998	  574.683496
    Q1094 	-38307.172209	66088.580849	 -445.760642	  561.598423
    Q1097 	38496.208816	66442.426247	  324.608103	  559.935091
    Q1104 	217149.579790	67067.775864	 2121.804887	  545.250838
    Q1108 	-127938.235382	44698.236633	-1347.338713	  350.745868
    Q1115 	127720.969446	44562.970738	 1218.806036	  332.627699
    Q1134 	-179589.159590	  -26.483978	-1870.447758	  -97.273331
    Q1138 	-76673.016026	  -32.714388	 -834.549095	 -100.860592
    Q1139 	76896.722945	  -76.405753	  705.695405	 -109.808100
    Q1143 	179494.322187	  100.565354	 1736.997590	 -117.978683
    Q1162 	-127822.110508	-44146.753000	-1351.762599	 -542.274138
    Q1169 	127992.963706	-44481.872778	 1216.361182	 -559.575950
    Q1173 	-217682.184123	-66419.753018	-2261.284469	 -762.674273
    Q1180 	-38427.533501	-66293.982421	 -455.097364	 -768.252599
    Q1183 	38068.845975	-66681.789211	  312.337445	 -776.068095
    Q1190 	217475.057946	-66687.459522	 2117.141743	 -792.126693
    Q1195 	-102517.104831	-88652.841000	-1100.960158	 -990.274542
    Q1203 	102534.415079	-88523.106410	  958.236179	-1000.147992
    Q1230 	-25798.000762	-132878.891003	 -333.924884	-1438.491114
    Q1232 	25819.641858	-133150.508903	  184.656146	-1444.235416
    Q1239 	-166165.062506	-155568.177437	-1751.410725	-1658.873814
    Q1242 	-89408.598999	-155245.668219	 -976.464228	-1659.982244
    Q1249 	89602.572850	-155431.589827	  824.151235	-1673.449465
    Q1252 	166616.788195	-155191.387254	 1600.188950	-1678.134374
    Q1272 	-51350.116471	-221507.334795	 -602.481964	-2329.217808
    Q1276 	51063.156760	-221589.694003	  430.081850	-2338.738651
nouse	-191949.294557	-21712.041335	-1996.821164	 -314.798397
nouse	-64546.449235	-21991.702502	 -714.178782	 -321.978529
nouse	102519.618810	 -345.502472	  962.842607	 -114.589707
nouse	166573.322041	-21964.219894	 1605.640540	 -337.487316
nouse	-102715.101250	-44408.994016	-1099.185504	 -545.787887
nouse	115464.807717	-22656.939822	 1091.608650	 -339.444353
nouse	-204689.398064	-44361.801382	-2127.538742	 -541.823113
nouse	-64135.628974	-66169.721661	 -713.195481	 -765.911375
nouse	12810.057584	-66689.872774	   58.953730	 -774.723584
nouse	204885.609070	-44828.320317	 1990.840741	 -571.158702
nouse	-89606.363984	-66645.712968	 -969.157645	 -769.685782
nouse	89764.141601	-67109.789860	  831.122884	 -783.809191
nouse	140970.052090	-22545.896371	 1347.963259	 -340.682239
nouse	191850.223268	-66480.178072	 1858.367131	 -786.965041
nouse	102324.320195	-44296.916950	  958.474681	 -555.552795
nouse	-51515.694058	-44299.990642	 -584.880886	 -546.659801
nouse	140663.539352	-66551.907752	 1342.695981	 -782.420993
nouse	-102403.915778	  640.780626	-1092.997347	  -93.125432
nouse	204574.826254	  422.837597	 1989.971179	 -117.909940
nouse	153688.076028	 -442.619095	 1477.106055	 -120.492336
nouse	153230.806411	-44825.081187	 1470.186237	 -565.398657
nouse	-204762.634267	  109.122146	-2124.856259	  -95.113019
nouse	51011.422442	-43995.537885	  443.529009	 -548.866347
nouse	192087.726800	-22257.859456	 1862.755530	 -343.354459
nouse	-10118.399461	-59702.738405	 -170.577649	 -703.315737
nouse	-217579.309082	-21526.111519	-2256.143496	 -312.089069
nouse	-153561.132602	 -568.803375	-1607.923325	 -103.552724
nouse	-115119.171515	-66352.963019	-1225.741600	 -765.786109
nouse	63992.972171	-66212.065114	  572.476971	 -772.975025
nouse	166628.364882	-67029.343783	 1604.063589	 -789.749430
nouse	-166203.215056	-21756.501974	-1736.840864	 -316.073029
nouse	-140768.599029	-22205.507910	-1480.486352	 -321.407782
nouse	-115094.656468	-22465.352600	-1222.093711	 -324.877800
nouse	-89450.422849	-22437.596090	 -964.304545	 -325.507257
nouse	115438.463472	-66666.534793	 1089.054828	 -781.366790
nouse	-76838.723117	-43870.711004	 -839.103939	 -541.336915
nouse	64182.447862	-22581.105473	  576.867891	 -334.687927
nouse	89429.348508	-22769.920128	  830.179522	 -338.435241
delpoints	    0.000000	    0.000000	 -564.023464	 2046.922542
delpoints	    0.000000	    0.000000	 -524.384278	 2056.727867
delpoints	    0.000000	    0.000000	 -603.735824	 2057.895018
delpoints	    0.000000	    0.000000	 -483.255073	 2125.338715
delpoints	    0.000000	    0.000000	 -643.007089	 2128.383786
delpoints	    0.000000	    0.000000	 -493.326051	 2165.473802
delpoints	    0.000000	    0.000000	 -631.214300	 2167.794638
delpoints	    0.000000	    0.000000	 -601.846657	 2196.656458
delpoints	    0.000000	    0.000000	 -561.754809	 2206.679972
delpoints	    0.000000	    0.000000	  473.829026	 2035.848811
delpoints	    0.000000	    0.000000	  432.986547	 2040.849841
delpoints	    0.000000	    0.000000	  511.855905	 2052.596993
delpoints	    0.000000	    0.000000	  383.659950	 2103.500198
delpoints	    0.000000	    0.000000	  541.493323	 2127.402682
delpoints	    0.000000	    0.000000	  388.141967	 2144.746907
delpoints	    0.000000	    0.000000	  524.961677	 2165.287034
delpoints	    0.000000	    0.000000	  412.854545	 2178.479640
delpoints	    0.000000	    0.000000	  450.710388	 2194.495427
delpoints	    0.000000	    0.000000	-1747.625159	 1386.943306
delpoints	    0.000000	    0.000000	-1706.418277	 1388.168215
delpoints	    0.000000	    0.000000	-1784.441898	 1406.102128
delpoints	    0.000000	    0.000000	-1651.229854	 1446.438555
delpoints	    0.000000	    0.000000	-1807.782456	 1482.999384
delpoints	    0.000000	    0.000000	-1653.126879	 1487.677346
delpoints	    0.000000	    0.000000	-1788.342199	 1519.692004
delpoints	    0.000000	    0.000000	-1752.673160	 1541.095100
delpoints	    0.000000	    0.000000	-1711.521721	 1542.810697
delpoints	    0.000000	    0.000000	 -940.200694	 1380.209145
delpoints	    0.000000	    0.000000	 -903.434884	 1398.351803
delpoints	    0.000000	    0.000000	-1016.113938	 1404.831858
delpoints	    0.000000	    0.000000	-1034.879668	 1441.870601
delpoints	    0.000000	    0.000000	 -878.691993	 1473.932712
delpoints	    0.000000	    0.000000	-1032.458675	 1482.958826
delpoints	    0.000000	    0.000000	 -897.170463	 1511.339408
delpoints	    0.000000	    0.000000	 -931.708047	 1533.935926
delpoints	    0.000000	    0.000000	 -972.865959	 1536.024632
delpoints	    0.000000	    0.000000	  869.390843	 1372.893222
delpoints	    0.000000	    0.000000	  790.966450	 1387.619284
delpoints	    0.000000	    0.000000	  903.845402	 1395.868457
delpoints	    0.000000	    0.000000	  768.000858	 1421.635595
delpoints	    0.000000	    0.000000	  921.816472	 1433.639918
delpoints	    0.000000	    0.000000	  918.687288	 1474.742549
delpoints	    0.000000	    0.000000	  783.017815	 1500.313881
delpoints	    0.000000	    0.000000	  816.882671	 1523.571030
delpoints	    0.000000	    0.000000	  857.880847	 1526.823714
delpoints	    0.000000	    0.000000	 1618.180711	 1363.686139
delpoints	    0.000000	    0.000000	 1577.722110	 1372.626337
delpoints	    0.000000	    0.000000	 1657.781675	 1376.306652
delpoints	    0.000000	    0.000000	 1534.531005	 1439.646474
delpoints	    0.000000	    0.000000	 1694.666405	 1447.635625
delpoints	    0.000000	    0.000000	 1543.522232	 1480.457488
delpoints	    0.000000	    0.000000	 1681.990483	 1486.999353
delpoints	    0.000000	    0.000000	 1571.194954	 1510.940482
delpoints	    0.000000	    0.000000	 1610.956195	 1523.354106
delpoints	    0.000000	    0.000000	 -301.285125	 1154.381104
delpoints	    0.000000	    0.000000	 -342.271446	 1158.862758
delpoints	    0.000000	    0.000000	 -263.607085	 1170.966714
delpoints	    0.000000	    0.000000	 -392.229965	 1221.262531
delpoints	    0.000000	    0.000000	 -234.717317	 1245.093916
delpoints	    0.000000	    0.000000	 -388.109987	 1262.383958
delpoints	    0.000000	    0.000000	 -251.043788	 1283.157190
delpoints	    0.000000	    0.000000	 -363.216526	 1295.997767
delpoints	    0.000000	    0.000000	 -325.637146	 1312.311971
delpoints	    0.000000	    0.000000	  207.201624	 1147.543050
delpoints	    0.000000	    0.000000	  245.980195	 1160.841310
delpoints	    0.000000	    0.000000	  135.426831	 1182.659637
delpoints	    0.000000	    0.000000	  122.359653	 1221.859523
delpoints	    0.000000	    0.000000	  281.591380	 1231.920685
delpoints	    0.000000	    0.000000	  130.251461	 1262.571801
delpoints	    0.000000	    0.000000	  237.391425	 1298.722604
delpoints	    0.000000	    0.000000	  196.891481	 1306.694460
delpoints	    0.000000	    0.000000	-1092.842177	  711.197990
delpoints	    0.000000	    0.000000	-1132.395136	  723.649581
delpoints	    0.000000	    0.000000	-1022.057045	  747.102816
delpoints	    0.000000	    0.000000	-1009.006093	  786.325325
delpoints	    0.000000	    0.000000	-1168.886024	  795.041252
delpoints	    0.000000	    0.000000	-1017.247877	  826.833879
delpoints	    0.000000	    0.000000	-1155.765263	  834.472234
delpoints	    0.000000	    0.000000	-1045.145004	  857.010894
delpoints	    0.000000	    0.000000	-1124.854198	  862.224925
delpoints	    0.000000	    0.000000	 1004.092929	  705.854890
delpoints	    0.000000	    0.000000	  924.031111	  708.888468
delpoints	    0.000000	    0.000000	 1034.171382	  734.277106
delpoints	    0.000000	    0.000000	  895.871843	  738.741695
delpoints	    0.000000	    0.000000	 1046.008467	  773.953318
delpoints	    0.000000	    0.000000	  886.437483	  779.093458
delpoints	    0.000000	    0.000000	  898.459561	  818.697581
delpoints	    0.000000	    0.000000	 1008.514977	  844.478911
delpoints	    0.000000	    0.000000	  968.674576	  856.356011
delpoints	    0.000000	    0.000000	-2234.429734	  496.497686
delpoints	    0.000000	    0.000000	-2275.754494	  498.548690
delpoints	    0.000000	    0.000000	-2310.846914	  521.158541
delpoints	    0.000000	    0.000000	-2174.690437	  549.865590
delpoints	    0.000000	    0.000000	-2172.049015	  591.212054
delpoints	    0.000000	    0.000000	-2327.165879	  599.461049
delpoints	    0.000000	    0.000000	-2304.644095	  634.145016
delpoints	    0.000000	    0.000000	-2226.114186	  650.561477
delpoints	    0.000000	    0.000000	-2267.665712	  653.116136
delpoints	    0.000000	    0.000000	 -446.118020	  481.754253
delpoints	    0.000000	    0.000000	 -406.399798	  492.521044
delpoints	    0.000000	    0.000000	 -515.197764	  522.093380
delpoints	    0.000000	    0.000000	 -366.126186	  560.788501
delpoints	    0.000000	    0.000000	 -525.120104	  562.139493
delpoints	    0.000000	    0.000000	 -376.458392	  600.622487
delpoints	    0.000000	    0.000000	 -514.400681	  601.916418
delpoints	    0.000000	    0.000000	 -405.286593	  630.354126
delpoints	    0.000000	    0.000000	 -445.170023	  641.405876
delpoints	    0.000000	    0.000000	  330.894972	  480.415803
delpoints	    0.000000	    0.000000	  290.200719	  488.235305
delpoints	    0.000000	    0.000000	  369.562069	  493.883794
delpoints	    0.000000	    0.000000	  244.662823	  553.581780
delpoints	    0.000000	    0.000000	  404.530121	  566.082511
delpoints	    0.000000	    0.000000	  252.612656	  594.486762
delpoints	    0.000000	    0.000000	  390.350575	  604.780717
delpoints	    0.000000	    0.000000	  279.569550	  625.618785
delpoints	    0.000000	    0.000000	  318.641216	  639.551247
delpoints	    0.000000	    0.000000	 2087.095927	  473.422536
delpoints	    0.000000	    0.000000	 2167.509748	  479.862241
delpoints	    0.000000	    0.000000	 2055.914809	  499.867396
delpoints	    0.000000	    0.000000	 2194.173421	  510.775817
delpoints	    0.000000	    0.000000	 2041.929626	  539.299191
delpoints	    0.000000	    0.000000	 2201.820514	  551.813078
delpoints	    0.000000	    0.000000	 2049.227401	  579.602554
delpoints	    0.000000	    0.000000	 2156.267875	  617.308042
delpoints	    0.000000	    0.000000	 2115.447232	  624.656113
delpoints	    0.000000	    0.000000	-1307.287868	  281.559078
delpoints	    0.000000	    0.000000	-1387.417373	  281.621473
delpoints	    0.000000	    0.000000	-1278.156436	  311.207688
delpoints	    0.000000	    0.000000	-1416.457393	  310.585281
delpoints	    0.000000	    0.000000	-1427.153717	  350.421976
delpoints	    0.000000	    0.000000	-1267.315435	  351.301411
delpoints	    0.000000	    0.000000	-1416.520295	  390.445907
delpoints	    0.000000	    0.000000	-1307.739658	  419.872299
delpoints	    0.000000	    0.000000	-1347.761139	  430.874932
delpoints	    0.000000	    0.000000	 1221.859700	  253.140733
delpoints	    0.000000	    0.000000	 1261.410304	  265.216076
delpoints	    0.000000	    0.000000	 1151.163833	  289.910851
delpoints	    0.000000	    0.000000	 1289.607193	  295.342492
delpoints	    0.000000	    0.000000	 1138.690839	  329.376236
delpoints	    0.000000	    0.000000	 1298.692039	  336.223254
delpoints	    0.000000	    0.000000	 1176.103150	  399.802064
delpoints	    0.000000	    0.000000	 1256.078045	  403.546422
delpoints	    0.000000	    0.000000	 1215.747989	  412.168045
delpoints	    0.000000	    0.000000	-1878.159337	 -176.778214
delpoints	    0.000000	    0.000000	-1837.522077	 -170.049679
delpoints	    0.000000	    0.000000	-1917.057703	 -162.433080
delpoints	    0.000000	    0.000000	-1790.662154	 -104.763079
delpoints	    0.000000	    0.000000	-1950.158022	  -89.736219
delpoints	    0.000000	    0.000000	-1797.372121	  -64.137267
delpoints	    0.000000	    0.000000	-1935.800950	  -50.626995
delpoints	    0.000000	    0.000000	-1903.955163	  -24.813577
delpoints	    0.000000	    0.000000	-1862.791441	  -17.890243
delpoints	    0.000000	    0.000000	 -862.774801	 -175.301334
delpoints	    0.000000	    0.000000	 -784.274940	 -163.035050
delpoints	    0.000000	    0.000000	 -896.330794	 -151.594802
delpoints	    0.000000	    0.000000	 -759.957712	 -129.025633
delpoints	    0.000000	    0.000000	 -755.622370	  -88.454901
delpoints	    0.000000	    0.000000	 -909.257010	  -72.619319
delpoints	    0.000000	    0.000000	 -772.669877	  -50.632884
delpoints	    0.000000	    0.000000	 -885.107498	  -39.296727
delpoints	    0.000000	    0.000000	 -847.093114	  -21.901670
delpoints	    0.000000	    0.000000	  687.054427	 -187.376784
delpoints	    0.000000	    0.000000	  728.527717	 -186.230536
delpoints	    0.000000	    0.000000	  629.017886	 -132.543551
delpoints	    0.000000	    0.000000	  783.529475	 -128.144288
delpoints	    0.000000	    0.000000	  627.961524	  -91.198043
delpoints	    0.000000	    0.000000	  782.062252	  -86.746190
delpoints	    0.000000	    0.000000	  647.519320	  -55.290467
delpoints	    0.000000	    0.000000	  760.783315	  -51.777812
delpoints	    0.000000	    0.000000	  724.489899	  -32.336291
delpoints	    0.000000	    0.000000	 1748.965590	 -196.885423
delpoints	    0.000000	    0.000000	 1707.757032	 -192.475581
delpoints	    0.000000	    0.000000	 1787.200600	 -180.288514
delpoints	    0.000000	    0.000000	 1657.910024	 -129.836704
delpoints	    0.000000	    0.000000	 1816.404985	 -106.284014
delpoints	    0.000000	    0.000000	 1662.363681	  -88.617701
delpoints	    0.000000	    0.000000	 1799.446092	  -68.219770
delpoints	    0.000000	    0.000000	 1686.919373	  -55.643854
delpoints	    0.000000	    0.000000	 1725.056953	  -39.015547
delpoints	    0.000000	    0.000000	-1381.397399	 -616.589516
delpoints	    0.000000	    0.000000	-1302.573690	 -605.082582
delpoints	    0.000000	    0.000000	-1414.956384	 -591.394846
delpoints	    0.000000	    0.000000	-1277.440274	 -571.919839
delpoints	    0.000000	    0.000000	-1430.830144	 -554.123529
delpoints	    0.000000	    0.000000	-1288.811740	 -492.664959
delpoints	    0.000000	    0.000000	-1401.457784	 -479.511545
delpoints	    0.000000	    0.000000	-1322.180928	 -467.973377
delpoints	    0.000000	    0.000000	-1363.176842	 -463.371960
delpoints	    0.000000	    0.000000	 1219.955065	 -639.522991
delpoints	    0.000000	    0.000000	 1179.632117	 -630.247550
delpoints	    0.000000	    0.000000	 1259.664171	 -626.935439
delpoints	    0.000000	    0.000000	 1136.304478	 -562.877688
delpoints	    0.000000	    0.000000	 1295.979265	 -555.978709
delpoints	    0.000000	    0.000000	 1145.792781	 -522.549352
delpoints	    0.000000	    0.000000	 1283.793440	 -516.595004
delpoints	    0.000000	    0.000000	 1173.594076	 -492.012796
delpoints	    0.000000	    0.000000	 1213.043764	 -479.662612
delpoints	    0.000000	    0.000000	-2331.847713	 -725.024770
delpoints	    0.000000	    0.000000	-2192.865602	 -720.738475
delpoints	    0.000000	    0.000000	-2302.835361	 -694.635178
delpoints	    0.000000	    0.000000	-2263.345521	 -682.517634
delpoints	    0.000000	    0.000000	-2341.585280	 -765.356353
delpoints	    0.000000	    0.000000	-2181.108843	 -760.351633
delpoints	    0.000000	    0.000000	-2259.494295	 -842.492156
delpoints	    0.000000	    0.000000	-2299.550528	 -833.377432
delpoints	    0.000000	    0.000000	-2219.367032	 -830.628315
delpoints	    0.000000	    0.000000	 -395.616987	 -714.817754
delpoints	    0.000000	    0.000000	 -508.468303	 -708.773819
delpoints	    0.000000	    0.000000	 -471.379877	 -690.440506
delpoints	    0.000000	    0.000000	 -530.977522	 -743.799476
delpoints	    0.000000	    0.000000	 -479.617157	 -844.297296
delpoints	    0.000000	    0.000000	 -377.084309	 -751.578964
delpoints	    0.000000	    0.000000	 -401.879072	 -827.596089
delpoints	    0.000000	    0.000000	 -514.312523	 -821.545547
delpoints	    0.000000	    0.000000	 -379.496621	 -793.181216
delpoints	    0.000000	    0.000000	  233.806980	 -791.200049
delpoints	    0.000000	    0.000000	  260.164864	 -715.669065
delpoints	    0.000000	    0.000000	  390.864529	 -761.190459
delpoints	    0.000000	    0.000000	  372.805147	 -723.902952
delpoints	    0.000000	    0.000000	  364.357033	 -836.369439
delpoints	    0.000000	    0.000000	  297.550119	 -697.978076
delpoints	    0.000000	    0.000000	  327.527092	 -854.439030
delpoints	    0.000000	    0.000000	  236.959947	 -749.887276
delpoints	    0.000000	    0.000000	  285.999232	 -851.188938
delpoints	    0.000000	    0.000000	 2047.255718	 -753.207131
delpoints	    0.000000	    0.000000	 2197.328406	 -790.561693
delpoints	    0.000000	    0.000000	 2075.716642	 -723.554175
delpoints	    0.000000	    0.000000	 2118.691604	 -872.198044
delpoints	    0.000000	    0.000000	 2185.583164	 -750.770664
delpoints	    0.000000	    0.000000	 2078.407640	 -862.336580
delpoints	    0.000000	    0.000000	 2115.569927	 -711.914646
delpoints	    0.000000	    0.000000	 2037.042919	 -793.234567
delpoints	    0.000000	    0.000000	 2158.451471	 -860.695375
delpoints	    0.000000	    0.000000	-1150.095129	 -927.337507
delpoints	    0.000000	    0.000000	-1180.104336	-1001.334599
delpoints	    0.000000	    0.000000	-1111.786627	 -911.124122
delpoints	    0.000000	    0.000000	-1021.655484	 -979.125194
delpoints	    0.000000	    0.000000	-1175.088123	 -960.142510
delpoints	    0.000000	    0.000000	-1037.793405	 -941.213809
delpoints	    0.000000	    0.000000	-1090.087892	-1069.502586
delpoints	    0.000000	    0.000000	-1131.224902	-1064.401000
delpoints	    0.000000	    0.000000	-1052.184228	-1053.295492
delpoints	    0.000000	    0.000000	  931.330921	 -924.758280
delpoints	    0.000000	    0.000000	  879.972124	 -985.973477
delpoints	    0.000000	    0.000000	  972.265506	 -921.407840
delpoints	    0.000000	    0.000000	 1033.436533	 -972.934701
delpoints	    0.000000	    0.000000	  897.377108	 -948.369345
delpoints	    0.000000	    0.000000	  906.830281	-1061.478936
delpoints	    0.000000	    0.000000	 1036.546271	-1014.512231
delpoints	    0.000000	    0.000000	  944.274239	-1078.956029
delpoints	    0.000000	    0.000000	  985.541047	-1075.242975
delpoints	    0.000000	    0.000000	 -411.215367	-1419.293703
delpoints	    0.000000	    0.000000	 -276.509552	-1493.849229
delpoints	    0.000000	    0.000000	 -256.900952	-1416.245739
delpoints	    0.000000	    0.000000	 -410.691763	-1460.920414
delpoints	    0.000000	    0.000000	 -256.471941	-1457.610814
delpoints	    0.000000	    0.000000	 -356.362653	-1361.611271
delpoints	    0.000000	    0.000000	 -314.937343	-1360.858529
delpoints	    0.000000	    0.000000	 -353.011257	-1516.293011
delpoints	    0.000000	    0.000000	 -389.484000	-1496.180549
delpoints	    0.000000	    0.000000	  263.861231	-1431.833684
delpoints	    0.000000	    0.000000	  110.457785	-1415.323227
delpoints	    0.000000	    0.000000	  122.538405	-1494.446925
delpoints	    0.000000	    0.000000	  259.051402	-1473.122333
delpoints	    0.000000	    0.000000	  246.890480	-1394.313768
delpoints	    0.000000	    0.000000	  134.328874	-1382.043590
delpoints	    0.000000	    0.000000	  172.550052	-1365.104070
delpoints	    0.000000	    0.000000	  155.954781	-1519.171053
delpoints	    0.000000	    0.000000	  234.490516	-1506.405285
delpoints	    0.000000	    0.000000	-1830.292422	-1644.738339
delpoints	    0.000000	    0.000000	-1778.098405	-1583.641983
delpoints	    0.000000	    0.000000	-1736.671987	-1579.673294
delpoints	    0.000000	    0.000000	-1812.199963	-1607.321902
delpoints	    0.000000	    0.000000	-1672.684411	-1673.020555
delpoints	    0.000000	    0.000000	-1765.975211	-1737.620612
delpoints	    0.000000	    0.000000	-1724.628207	-1734.083074
delpoints	    0.000000	    0.000000	-1803.194013	-1720.381205
delpoints	    0.000000	    0.000000	-1023.756298	-1595.327967
delpoints	    0.000000	    0.000000	 -944.323853	-1586.574535
delpoints	    0.000000	    0.000000	 -985.615752	-1580.342435
delpoints	    0.000000	    0.000000	-1049.781778	-1628.034255
delpoints	    0.000000	    0.000000	 -903.175731	-1691.598902
delpoints	    0.000000	    0.000000	 -896.705270	-1650.733979
delpoints	    0.000000	    0.000000	-1008.585142	-1733.422286
delpoints	    0.000000	    0.000000	-1040.669344	-1707.967000
delpoints	    0.000000	    0.000000	 -967.895629	-1739.718261
delpoints	    0.000000	    0.000000	  752.232133	-1638.566162
delpoints	    0.000000	    0.000000	  890.153519	-1628.351439
delpoints	    0.000000	    0.000000	  779.071062	-1607.284906
delpoints	    0.000000	    0.000000	  858.782030	-1601.534149
delpoints	    0.000000	    0.000000	  744.390959	-1679.140351
delpoints	    0.000000	    0.000000	  830.035187	-1753.146157
delpoints	    0.000000	    0.000000	  757.949492	-1718.131516
delpoints	    0.000000	    0.000000	  896.185187	-1708.286367
delpoints	    0.000000	    0.000000	  869.009635	-1739.645808
delpoints	    0.000000	    0.000000	 1569.921452	-1603.903159
delpoints	    0.000000	    0.000000	 1610.862536	-1598.721503
delpoints	    0.000000	    0.000000	 1520.783397	-1666.740343
delpoints	    0.000000	    0.000000	 1679.393648	-1689.267047
delpoints	    0.000000	    0.000000	 1674.058006	-1647.992149
delpoints	    0.000000	    0.000000	 1589.000339	-1757.542353
delpoints	    0.000000	    0.000000	 1663.950869	-1727.167334
delpoints	    0.000000	    0.000000	 1525.960200	-1707.988277
delpoints	    0.000000	    0.000000	 1551.458133	-1741.265698
delpoints	    0.000000	    0.000000	 -639.231132	-2257.653405
delpoints	    0.000000	    0.000000	 -598.633662	-2249.172942
delpoints	    0.000000	    0.000000	 -682.576440	-2326.020009
delpoints	    0.000000	    0.000000	 -565.567414	-2400.520633
delpoints	    0.000000	    0.000000	 -645.470120	-2397.175907
delpoints	    0.000000	    0.000000	 -531.591969	-2291.752756
delpoints	    0.000000	    0.000000	 -534.926187	-2372.618961
delpoints	    0.000000	    0.000000	 -559.388423	-2261.200313
delpoints	    0.000000	    0.000000	 -673.705848	-2366.330488
delpoints	    0.000000	    0.000000	  442.066039	-2259.380614
delpoints	    0.000000	    0.000000	  417.890437	-2417.976755
delpoints	    0.000000	    0.000000	  350.860784	-2326.516889
delpoints	    0.000000	    0.000000	  458.921704	-2413.640069
delpoints	    0.000000	    0.000000	  380.012010	-2401.368868
delpoints	    0.000000	    0.000000	  504.482816	-2309.707983
delpoints	    0.000000	    0.000000	  367.639933	-2288.719151
delpoints	    0.000000	    0.000000	  492.502026	-2388.948765
delpoints	    0.000000	    0.000000	  479.998193	-2275.694193
