unit           :    旋转圆心X       旋转圆心Y      中心轴长        偏心轴长  中心轴初始角 偏心轴初始角 
P1009 	:               -12833.309811                199850.290456     8244.149137     8214.795591        0.058000       -0.049508
P1018 	:               -25581.132053                177310.206361     8188.191048     8175.402425        0.094355       -0.106091
P1019 	:                  145.015269                177437.783128     8331.168000     8195.166703        0.084395       -0.105641
P1020 	:                25812.674433                177435.062498     8149.620476     8168.272824        0.099468       -0.149974
P1021 	:                51254.506232                177701.850377     8223.259141     8197.793268        0.118324       -0.188990
P1041 	:              -127816.083749                133137.698014     8252.144769     8186.200849        0.056552       -0.062774
P1051 	:               127557.809176                133300.859491     8135.340318     8197.602786        0.074798       -0.069202
P1054 	:              -192048.950681                110942.936268     8148.180443     8168.392161        0.012766       -0.066099
P1055 	:              -166340.021816                110996.940991     8275.865419     8178.184715        0.183672       -0.293622
P1056 	:              -140671.707919                110943.013559     8221.356785     8184.158137        0.017666       -0.047419
P1059 	:               -63849.920255                110824.714300     8389.610097     8226.707184        0.104786       -0.163157
P1064 	:                64349.584252                110923.931779     8067.036866     8177.229863        0.092740       -0.124379
P1067 	:               140885.910326                111439.323173     8376.206806     8209.512543        0.104706       -0.165965
P1068 	:               166320.052400                111586.066629     8094.657670     8321.277533        0.170563       -0.258520
P1071 	:              -178935.507121                 89378.006565     8229.494040     8223.463437        0.182446       -0.310438
P1072 	:              -153471.157419                 88937.344910     8359.966365     8217.710502        0.145147       -0.204259
P1078 	:                  122.498178                 88855.614022     8237.412265     8040.843348        0.048458       -0.022713
P1084 	:               153276.407903                 89056.137316     8159.630169     8230.238034        0.235042       -0.371001
P1085 	:               179420.096069                 89273.211277     8209.647984     8212.895120        0.099621       -0.125739
P1102 	:               166349.441673                 67196.051563     8247.281158     8189.553271        0.065369       -0.016324
P1106 	:              -179343.043714                 44929.423980     8073.748836     8164.121685        0.021048       -0.008453
P1110 	:               -76951.511406                 44270.475305     8098.984021     8210.955870        0.121527       -0.168281
P1113 	:                76980.554553                 44188.332212     8155.677744     8228.722109        0.014532       -0.051076
P1117 	:               178766.143632                 44534.596722     8171.527550     8343.524920        0.087106       -0.117252
P1119 	:              -217376.618028                 22561.397934     8278.947558     8139.180730        0.088689       -0.111379
P1132 	:               217516.503617                 22712.032812     8262.664287     8125.092820        0.068011       -0.055486
P1136 	:              -128034.472183                   239.940391     8033.252131     8155.722330        0.045271       -0.038120
P1141 	:               127846.942341                   -49.570554     8181.256077     8195.359218        0.163836       -0.243185
P1158 	:               217434.886084                -22337.635567     8246.893189     8220.979331        0.155664       -0.206276
P1160 	:              -178949.517235                -43688.534020     8275.818824     8208.934515        0.106823       -0.129626
P1161 	:              -153646.155575                -43862.128073     8020.120690     8142.441409        0.096954       -0.079963
P1167 	:                76778.924463                -44339.185261     8114.640752     8152.404638        0.051061       -0.005171
P1171 	:               178649.945284                -44097.269381     8308.740096     8171.974430        0.043009       -0.051788
P1174 	:              -191931.654587                -65892.128379     8112.474588     8197.497982        0.002219       -0.062784
P1175 	:              -166413.622413                -65960.467440     8287.262151     8162.505236        0.067515       -0.064943
P1176 	:              -140885.946635                -66223.524840     8168.377204     8072.114439        0.120190       -0.185720
P1191 	:              -204733.993304                -88419.299426     8195.307744     8177.331057        0.064024       -0.067831
P1192 	:              -179450.979302                -88177.340343     8156.538966     8198.346961        0.106534       -0.125338
P1193 	:              -153516.517793                -88292.194755     8219.422494     8231.492030        0.054884       -0.009556
P1194 	:              -128131.025268                -88500.823780     8137.580535     8135.394794        0.088774       -0.081333
P1196 	:               -77097.801078                -88111.982209     8246.100224     8195.242329        0.044710       -0.040197
P1197 	:               -51166.547930                -88725.651785     8183.612027     8158.811100        0.123826       -0.162569
P1198 	:               -25597.463155                -88148.171246     8191.575793     8232.617441       -0.055704       -0.013555
P1199 	:                  351.484053                -88752.698450     8270.150438     8202.208665        0.062337       -0.080050
P1200 	:                25559.349728                -88376.914705     8300.213689     8205.571924        0.121922       -0.162692
P1201 	:                51193.891772                -88619.579334     8267.572282     8168.801409        0.065438       -0.070899
P1202 	:                76759.595120                -88519.694012     8272.210648     8205.386860        0.081493       -0.083397
P1204 	:               128071.034558                -88689.688887     8155.336834     8195.273285       -0.007777       -0.002131
P1205 	:               153178.192192                -88486.445463     8160.917252     8225.348292        0.087538       -0.096464
P1206 	:               179486.619871                -88708.551702     7834.053407     8204.495568        0.057601       -0.063836
P1207 	:               204584.776315                -88666.283973     8391.436183     8178.632682        0.139382       -0.211851
P1208 	:              -191751.602383               -110715.947541     8231.165852     8193.545258        0.131324       -0.192403
P1209 	:              -166274.747244               -110369.341087     8302.317602     8207.124308        0.046311       -0.069834
P1210 	:              -140579.706114               -110892.977030     8293.181641     8186.670884        0.018504       -0.049017
P1211 	:              -115297.468972               -110494.947814     8087.138169     8128.575076        0.069966       -0.098214
P1212 	:               -89623.458926               -110579.219599     8188.724116     8166.760906        0.039418       -0.048146
P1213 	:               -64197.055834               -110789.850269     8132.690296     8158.618717        0.069119       -0.041699
P1214 	:               -38453.176743               -110466.090770     8251.458318     8141.874031        0.091314       -0.100100
P1215 	:               -12933.062507               -110763.352716     8280.784553     8166.096379        0.133489       -0.148199
P1216 	:                12891.398571               -110713.996123     8294.025728     8189.518166        0.182288       -0.324649
P1217 	:                38233.167301               -110935.517181     8257.392849     8182.479881        0.063627       -0.081100
P1218 	:                64053.034504               -110831.446772     8206.521539     8239.990943        0.083125       -0.079415
P1219 	:                89614.862342               -110915.045465     8286.183729     8223.812547       -0.027366       -0.065841
P1220 	:               115171.222459               -110803.017074     8279.977077     8155.732254        0.069205       -0.069822
P1221 	:               140678.475487               -110906.061876     8015.749116     8100.142082       -0.020351       -0.011385
P1222 	:               166393.898858               -111487.446074     8219.743026     8211.527856        0.119177       -0.133181
P1223 	:               191696.170484               -110866.860913     8232.295536     8183.493041        0.027337       -0.028992
P1224 	:              -178975.912715               -133007.121197     8267.002507     8131.833768        0.047564       -0.040936
P1225 	:              -153800.864707               -132743.685442     8272.812110     8157.950982        0.060839       -0.086907
P1226 	:              -128027.051155               -132743.746678     8102.293905     8169.364866        0.075056       -0.109956
P1227 	:              -102418.180963               -132762.349980     8086.367616     8129.268982        0.010574       -0.060197
P1228 	:               -77013.627784               -132635.640752     8251.141263     8142.656960        0.093798       -0.151932
P1229 	:               -51258.145657               -132549.500270     8149.410440     8190.029877        0.089211       -0.104794
P1231 	:                   72.584287               -132718.801231     8017.641219     8203.737793        0.019604       -0.049322
P1233 	:                51089.736895               -132730.374575     8212.728621     8080.521459        0.155399       -0.240673
P1234 	:                77042.556745               -132831.732885     7804.026498     8195.605553        0.018440       -0.057525
P1235 	:               102398.823107               -132888.917020     8217.263170     8237.208376        0.051399       -0.049170
P1236 	:               127667.025765               -132717.562342     8316.945492     8148.442897        0.076961       -0.048017
P1237 	:               153493.808983               -133090.559814     8288.447386     8172.087114        0.160922       -0.243496
P1238 	:               178955.806508               -133031.567457     8283.721645     8181.010580        0.010089       -0.065688
P1241 	:              -115161.374699               -154945.151950     8194.648479     8142.591921        0.104612       -0.126681
P1243 	:               -63809.944129               -154944.280389     8239.060886     8197.433079        0.111759       -0.193632
P1244 	:               -38498.046925               -155120.120299     8376.899861     8169.713080        0.201633       -0.379884
P1245 	:               -12662.144135               -155162.077303     8195.884023     8307.030886        0.131967       -0.186432
P1246 	:                12498.436966               -155174.534798     8126.596548     8169.657987        0.071647       -0.100633
P1247 	:                38384.032723               -155090.672728     8172.809737     8148.858015        0.074397       -0.070878
P1248 	:                63853.709706               -155112.347565     8058.852504     8155.269264        0.082287       -0.121306
P1250 	:               115236.057621               -155100.711812     8099.214047     8161.809359        0.131650       -0.178215
P1251 	:               140839.305282               -155294.162221     8337.471831     8173.966410        0.077288       -0.052663
P1253 	:              -127984.977938               -177040.151975     8197.564732     8107.301036        0.027372       -0.013039
P1254 	:              -102143.885329               -177358.961026     8256.193133     8176.307876        0.179263       -0.311666
P1255 	:               -76843.963108               -176821.626234     8251.357614     8101.149363        0.227658       -0.357834
P1256 	:               -50864.480927               -176750.608059     8303.730571     8187.284975       -0.054025       -0.039737
P1257 	:               -25323.780906               -176955.683734     8046.014293     8170.133659        0.059837       -0.047137
P1258 	:                   -5.183604               -176859.180554     8169.189622     8198.021267       -0.078887       -0.028931
P1259 	:                25410.885671               -177270.697046     8213.271892     8111.094124        0.167460       -0.254889
P1260 	:                51265.658510               -176786.301201     8449.914530     8186.460955        0.062057       -0.059348
P1261 	:                76441.411517               -177128.841250     8097.948448     8130.262242        0.145859       -0.217354
P1262 	:               102341.189857               -177300.709314     8218.145943     8175.371558        0.099608       -0.144707
P1263 	:               127774.008085               -177354.123424     8263.046482     8146.689479       -0.022098       -0.071456
P1264 	:               -89207.568753               -199560.599256     8117.791469     8159.076975        0.029800       -0.053331
P1265 	:               -63779.925169               -199656.605704     8183.434961     8150.320160       -0.042312       -0.033065
P1266 	:               -38210.709510               -199561.087096     8299.297361     8146.206442        0.251113       -0.434349
P1267 	:               -12705.763863               -199530.959150     8064.935007     8216.301002        0.059594       -0.031436
P1268 	:                12796.973012               -199432.783979     8128.891316     8200.620568        0.099408       -0.139543
P1269 	:                38479.137928               -199507.212683     8188.323984     8120.483754        0.083449       -0.072780
P1270 	:                64127.393906               -199346.817388     8171.073426     8206.453410        0.006152       -0.034763
P1271 	:                89344.762217               -199284.231607     8267.691500     8161.998306        0.069065       -0.079702
P1273 	:               -25195.220633               -221771.334783     8153.753606     8097.598921       -0.015680       -0.001627
P1275 	:                25866.981463               -221524.332935     8114.045715     8076.166876        0.024928       -0.032235
